Mejor Fitness Epoca: 1 : 0.0013029630126885055
Mejor recorrido encontrado: [52, 105, 66, 87, 70, 145, 57, 30, 64, 42, 23, 123, 5, 135, 10, 107, 146, 44, 101, 149, 69, 113, 60, 76, 21, 12, 43, 148, 67, 54, 89, 130, 7, 4, 63, 14, 65, 140, 93, 79, 29, 92, 22, 77, 41, 27, 16, 26, 116, 73, 100, 108, 55, 141, 72, 46, 38, 17, 83, 90, 2, 80, 126, 131, 35, 82, 137, 1, 134, 97, 34, 144, 103, 61, 115, 8, 96, 94, 127, 74, 0, 142, 99, 81, 56, 53, 58, 49, 86, 133, 122, 119, 84, 24, 88, 15, 31, 6, 121, 36, 102, 136, 118, 112, 132, 110, 39, 47, 75, 129, 111, 78, 25, 106, 59, 143, 147, 18, 37, 13, 48, 124, 3, 114, 104, 62, 98, 95, 138, 128, 120, 51, 71, 9, 45, 32, 11, 68, 125, 50, 85, 20, 19, 117, 28, 91, 33, 40, 109, 139]
Mejor Fitness Epoca: 2 : 0.0013160961405960835
Mejor recorrido encontrado: [52, 105, 66, 87, 70, 145, 57, 30, 64, 42, 23, 123, 5, 135, 10, 107, 146, 44, 101, 143, 69, 113, 60, 76, 21, 12, 43, 148, 67, 54, 89, 130, 7, 4, 63, 14, 65, 140, 93, 79, 29, 92, 22, 77, 41, 27, 16, 26, 116, 73, 100, 108, 55, 141, 72, 46, 38, 17, 83, 90, 2, 80, 126, 131, 35, 82, 137, 1, 134, 97, 34, 144, 103, 61, 115, 8, 96, 94, 127, 74, 0, 142, 99, 81, 56, 53, 58, 49, 86, 133, 122, 119, 84, 24, 88, 15, 31, 6, 121, 36, 102, 136, 118, 112, 132, 110, 39, 47, 75, 129, 111, 78, 25, 106, 59, 149, 147, 18, 37, 13, 48, 124, 3, 114, 104, 62, 98, 95, 138, 128, 120, 51, 71, 9, 45, 32, 11, 68, 125, 50, 85, 20, 19, 117, 28, 91, 33, 40, 109, 139]
Mejor Fitness Epoca: 7 : 0.0013217106696618423
Mejor recorrido encontrado: [142, 83, 145, 43, 133, 146, 57, 85, 2, 12, 66, 78, 129, 103, 38, 8, 114, 40, 89, 46, 149, 139, 45, 123, 92, 39, 99, 110, 33, 112, 30, 140, 65, 52, 113, 128, 132, 15, 100, 21, 82, 19, 18, 84, 148, 76, 6, 55, 9, 95, 32, 17, 10, 130, 107, 49, 93, 62, 3, 136, 27, 109, 0, 141, 81, 24, 116, 48, 28, 96, 97, 119, 26, 54, 91, 56, 23, 36, 4, 13, 47, 102, 127, 41, 31, 86, 138, 74, 1, 77, 147, 134, 79, 14, 70, 60, 68, 75, 67, 106, 22, 144, 122, 42, 105, 72, 53, 20, 94, 135, 16, 69, 117, 120, 37, 64, 51, 34, 80, 90, 88, 35, 125, 126, 98, 111, 131, 5, 11, 61, 58, 104, 115, 108, 87, 124, 143, 63, 101, 71, 44, 29, 59, 25, 137, 118, 50, 73, 7, 121]
Mejor Fitness Epoca: 9 : 0.0013295893669409318
Mejor recorrido encontrado: [113, 60, 15, 117, 17, 20, 106, 120, 108, 75, 40, 72, 92, 90, 114, 86, 66, 80, 51, 146, 85, 126, 143, 135, 78, 22, 54, 31, 30, 53, 136, 10, 94, 118, 9, 142, 19, 0, 59, 145, 141, 99, 63, 33, 129, 101, 128, 147, 115, 81, 73, 139, 50, 56, 71, 111, 26, 133, 24, 55, 131, 104, 35, 96, 100, 16, 28, 34, 52, 8, 37, 42, 110, 112, 69, 27, 49, 61, 144, 2, 74, 76, 119, 89, 43, 105, 121, 18, 7, 140, 122, 127, 124, 12, 130, 5, 88, 84, 13, 23, 134, 82, 45, 44, 107, 95, 149, 137, 87, 138, 97, 21, 48, 67, 4, 132, 32, 39, 58, 1, 103, 148, 116, 29, 123, 47, 77, 70, 79, 64, 38, 36, 6, 41, 125, 46, 83, 102, 93, 98, 68, 109, 14, 25, 11, 65, 57, 62, 3, 91]
Mejor Fitness Epoca: 10 : 0.0013389048456559495
Mejor recorrido encontrado: [59, 108, 121, 69, 70, 122, 83, 14, 28, 92, 79, 80, 144, 60, 99, 74, 141, 72, 115, 147, 71, 67, 2, 65, 25, 149, 32, 41, 138, 87, 17, 11, 139, 84, 23, 12, 124, 31, 142, 49, 3, 37, 9, 93, 140, 98, 56, 106, 81, 61, 118, 75, 5, 27, 119, 146, 51, 116, 85, 10, 43, 86, 48, 63, 4, 24, 35, 42, 123, 26, 21, 127, 130, 16, 131, 105, 94, 34, 54, 110, 134, 128, 52, 129, 19, 22, 136, 44, 0, 30, 107, 78, 135, 66, 125, 36, 55, 15, 18, 114, 20, 40, 77, 91, 104, 89, 62, 47, 50, 88, 90, 143, 13, 132, 57, 145, 117, 1, 45, 137, 39, 58, 68, 33, 95, 96, 8, 6, 53, 29, 38, 102, 111, 133, 109, 101, 112, 120, 82, 148, 46, 7, 103, 64, 76, 73, 100, 126, 97, 113]
Mejor Fitness Epoca: 13 : 0.0013466838414949553
Mejor recorrido encontrado: [113, 60, 15, 117, 17, 20, 106, 120, 108, 75, 40, 72, 92, 90, 114, 86, 66, 80, 51, 146, 85, 126, 143, 135, 78, 22, 54, 31, 30, 53, 136, 10, 94, 118, 9, 142, 19, 0, 59, 145, 141, 99, 63, 33, 129, 101, 128, 147, 115, 81, 73, 139, 50, 56, 71, 111, 26, 133, 24, 55, 131, 104, 35, 96, 100, 16, 28, 34, 52, 8, 37, 42, 110, 112, 69, 27, 49, 103, 144, 2, 74, 76, 119, 89, 43, 105, 121, 18, 7, 140, 122, 127, 124, 12, 130, 5, 88, 84, 13, 23, 134, 82, 45, 44, 107, 95, 149, 1, 87, 138, 97, 21, 48, 67, 4, 132, 32, 39, 58, 137, 61, 148, 116, 29, 123, 47, 77, 70, 79, 64, 38, 36, 6, 41, 125, 46, 83, 102, 93, 98, 68, 109, 14, 25, 11, 65, 57, 62, 3, 91]
Mejor Fitness Epoca: 14 : 0.001348902873772007
Mejor recorrido encontrado: [59, 108, 121, 69, 70, 122, 83, 14, 28, 92, 79, 80, 144, 60, 99, 74, 141, 72, 115, 147, 71, 67, 2, 65, 25, 149, 32, 41, 138, 87, 109, 11, 139, 84, 23, 12, 124, 31, 142, 49, 3, 37, 9, 93, 140, 98, 56, 106, 81, 61, 118, 75, 5, 27, 119, 146, 51, 116, 85, 10, 43, 86, 48, 63, 4, 24, 35, 42, 123, 26, 21, 127, 130, 16, 131, 105, 94, 34, 54, 110, 134, 128, 52, 129, 19, 22, 136, 44, 102, 30, 107, 78, 135, 66, 125, 36, 55, 15, 18, 114, 20, 40, 77, 91, 104, 89, 62, 47, 50, 88, 90, 143, 13, 132, 57, 145, 117, 1, 45, 137, 39, 58, 68, 33, 95, 96, 8, 6, 53, 29, 38, 0, 111, 133, 17, 101, 112, 120, 82, 148, 46, 7, 103, 64, 76, 73, 100, 126, 97, 113]
Mejor Fitness Epoca: 15 : 0.001358207613286182
Mejor recorrido encontrado: [59, 108, 121, 69, 70, 122, 83, 14, 28, 92, 79, 80, 144, 60, 99, 74, 141, 72, 115, 147, 71, 67, 2, 65, 25, 149, 32, 41, 138, 87, 109, 11, 139, 84, 23, 12, 124, 31, 142, 49, 3, 37, 9, 93, 140, 98, 56, 106, 81, 61, 118, 75, 5, 27, 119, 146, 51, 116, 85, 10, 43, 86, 48, 63, 4, 24, 35, 42, 123, 26, 21, 127, 130, 16, 131, 105, 94, 34, 54, 110, 134, 128, 52, 129, 117, 22, 136, 44, 102, 30, 107, 78, 135, 66, 125, 36, 55, 15, 18, 114, 20, 40, 77, 91, 104, 89, 62, 47, 50, 88, 90, 143, 13, 132, 57, 145, 19, 1, 45, 137, 39, 58, 68, 33, 95, 96, 8, 6, 53, 29, 38, 0, 111, 133, 17, 101, 112, 120, 82, 148, 46, 7, 103, 64, 76, 73, 100, 126, 97, 113]
Mejor Fitness Epoca: 17 : 0.0013847411147845101
Mejor recorrido encontrado: [59, 108, 121, 69, 70, 122, 83, 14, 28, 92, 79, 80, 144, 60, 99, 74, 141, 72, 115, 147, 71, 67, 2, 65, 25, 149, 32, 41, 138, 87, 109, 11, 139, 84, 23, 12, 124, 31, 142, 49, 3, 37, 9, 93, 140, 98, 56, 106, 81, 61, 118, 75, 5, 27, 119, 146, 51, 116, 85, 10, 43, 86, 48, 63, 4, 24, 35, 42, 123, 26, 21, 127, 130, 16, 131, 105, 94, 34, 54, 110, 134, 128, 52, 129, 117, 22, 136, 44, 102, 30, 107, 78, 135, 103, 125, 36, 55, 15, 18, 114, 20, 40, 77, 91, 104, 89, 62, 47, 50, 88, 90, 143, 13, 132, 57, 145, 19, 1, 45, 137, 39, 58, 68, 33, 95, 96, 8, 6, 53, 29, 38, 0, 111, 133, 17, 101, 112, 120, 82, 148, 46, 7, 66, 64, 76, 73, 100, 126, 97, 113]
Mejor Fitness Epoca: 20 : 0.0013913724615120338
Mejor recorrido encontrado: [59, 108, 121, 69, 70, 122, 83, 14, 28, 92, 79, 80, 144, 143, 99, 74, 141, 72, 115, 147, 71, 67, 2, 65, 25, 149, 32, 41, 138, 87, 109, 11, 139, 84, 23, 12, 124, 31, 142, 49, 3, 37, 9, 93, 140, 98, 56, 106, 81, 61, 118, 75, 5, 27, 119, 146, 51, 116, 85, 10, 43, 86, 48, 63, 4, 24, 35, 42, 123, 26, 21, 127, 130, 16, 131, 105, 94, 34, 54, 110, 134, 128, 52, 129, 117, 22, 136, 44, 102, 30, 107, 78, 135, 103, 125, 36, 55, 15, 18, 114, 20, 40, 77, 91, 104, 89, 62, 47, 50, 88, 90, 60, 13, 132, 57, 145, 19, 1, 45, 137, 39, 58, 68, 33, 95, 96, 8, 6, 53, 29, 38, 0, 111, 133, 17, 101, 112, 120, 82, 148, 46, 7, 66, 64, 76, 73, 100, 126, 97, 113]
Mejor Fitness Epoca: 21 : 0.0014060911731488225
Mejor recorrido encontrado: [51, 80, 123, 55, 50, 1, 88, 135, 134, 9, 53, 67, 141, 85, 77, 116, 110, 108, 6, 81, 113, 59, 126, 19, 28, 99, 29, 20, 132, 24, 118, 4, 121, 56, 25, 75, 74, 103, 129, 136, 83, 104, 82, 149, 40, 34, 43, 140, 17, 18, 76, 52, 130, 45, 72, 39, 14, 54, 12, 97, 2, 15, 122, 106, 70, 30, 112, 143, 32, 128, 61, 73, 5, 145, 101, 68, 125, 138, 98, 62, 87, 147, 119, 3, 49, 41, 144, 131, 22, 38, 137, 36, 114, 60, 35, 142, 11, 79, 124, 89, 115, 58, 84, 95, 111, 46, 96, 66, 16, 63, 120, 117, 146, 92, 133, 8, 102, 23, 69, 139, 7, 94, 57, 100, 107, 37, 105, 48, 78, 27, 10, 86, 109, 64, 13, 33, 148, 90, 93, 0, 65, 127, 44, 21, 26, 47, 91, 42, 71, 31]
Mejor Fitness Epoca: 25 : 0.0014108208356803974
Mejor recorrido encontrado: [59, 108, 121, 69, 70, 122, 83, 14, 28, 92, 79, 80, 144, 143, 99, 74, 141, 72, 115, 147, 71, 67, 2, 65, 139, 149, 32, 41, 138, 87, 109, 11, 25, 84, 23, 12, 124, 31, 142, 49, 3, 37, 9, 93, 140, 98, 56, 106, 44, 61, 118, 75, 5, 27, 119, 146, 51, 116, 85, 10, 43, 86, 48, 63, 4, 24, 35, 42, 123, 26, 21, 127, 130, 16, 131, 105, 94, 34, 54, 110, 134, 128, 52, 129, 117, 22, 136, 81, 102, 30, 107, 78, 135, 103, 125, 36, 55, 15, 18, 114, 20, 40, 77, 91, 104, 89, 62, 47, 50, 88, 90, 60, 13, 132, 57, 145, 19, 1, 45, 137, 39, 58, 68, 33, 95, 96, 8, 6, 53, 29, 38, 0, 111, 133, 17, 101, 112, 120, 82, 148, 46, 7, 66, 64, 76, 73, 100, 126, 97, 113]
Mejor Fitness Epoca: 26 : 0.0014209408792089729
Mejor recorrido encontrado: [59, 108, 121, 69, 70, 122, 83, 14, 28, 92, 79, 80, 144, 143, 99, 74, 141, 72, 115, 147, 71, 67, 2, 65, 42, 149, 32, 41, 138, 87, 109, 11, 25, 84, 23, 12, 124, 31, 142, 49, 3, 37, 9, 93, 140, 98, 56, 106, 44, 61, 118, 75, 5, 27, 119, 146, 51, 116, 85, 10, 43, 86, 48, 63, 4, 24, 35, 139, 123, 26, 21, 127, 130, 16, 131, 105, 94, 34, 54, 110, 134, 128, 52, 129, 117, 22, 136, 81, 102, 30, 107, 78, 135, 103, 125, 36, 55, 15, 18, 114, 20, 40, 77, 91, 104, 89, 62, 47, 50, 88, 90, 60, 13, 132, 57, 145, 19, 1, 45, 137, 39, 58, 68, 33, 95, 96, 8, 6, 53, 29, 38, 0, 111, 133, 17, 101, 112, 120, 82, 148, 46, 7, 66, 64, 76, 73, 100, 126, 97, 113]
Mejor Fitness Epoca: 28 : 0.0014305874483440798
Mejor recorrido encontrado: [51, 80, 123, 55, 50, 1, 88, 135, 134, 9, 53, 67, 141, 85, 77, 116, 110, 108, 109, 81, 113, 59, 126, 19, 28, 99, 29, 20, 132, 24, 118, 4, 121, 56, 25, 75, 74, 144, 129, 136, 83, 104, 82, 149, 40, 34, 43, 140, 17, 18, 76, 52, 130, 45, 72, 39, 14, 54, 12, 97, 2, 15, 122, 106, 70, 30, 112, 143, 32, 128, 61, 73, 5, 145, 101, 68, 125, 138, 98, 62, 87, 147, 119, 3, 49, 41, 103, 131, 22, 38, 137, 36, 114, 60, 35, 142, 11, 79, 124, 89, 115, 58, 84, 95, 111, 46, 96, 66, 16, 63, 120, 117, 146, 92, 133, 8, 102, 23, 69, 139, 7, 94, 57, 100, 107, 37, 105, 48, 78, 27, 10, 86, 6, 64, 13, 33, 148, 90, 93, 0, 65, 127, 44, 21, 26, 47, 91, 42, 71, 31]
Mejor Fitness Epoca: 29 : 0.0014339180843532273
Mejor recorrido encontrado: [51, 80, 123, 55, 50, 1, 88, 135, 134, 9, 53, 67, 141, 85, 77, 116, 110, 108, 109, 81, 113, 59, 126, 19, 28, 99, 29, 20, 132, 24, 118, 4, 121, 56, 25, 75, 74, 144, 129, 136, 83, 104, 82, 149, 40, 34, 43, 140, 17, 18, 76, 52, 130, 45, 72, 39, 14, 54, 12, 97, 2, 15, 122, 106, 70, 30, 112, 143, 32, 128, 61, 73, 5, 145, 101, 68, 125, 138, 98, 62, 87, 147, 119, 3, 49, 41, 103, 131, 22, 38, 137, 36, 114, 60, 35, 142, 11, 79, 124, 89, 115, 58, 84, 95, 111, 57, 96, 66, 16, 63, 120, 117, 146, 92, 133, 8, 102, 23, 69, 139, 7, 94, 46, 100, 107, 37, 105, 48, 78, 27, 10, 86, 6, 64, 13, 33, 148, 90, 93, 0, 65, 127, 44, 21, 26, 47, 91, 42, 71, 31]
Mejor Fitness Epoca: 30 : 0.001442732070651272
Mejor recorrido encontrado: [89, 42, 76, 82, 19, 125, 144, 80, 121, 64, 146, 95, 9, 43, 53, 13, 136, 14, 20, 106, 138, 140, 66, 5, 132, 65, 130, 99, 74, 101, 34, 31, 2, 110, 46, 92, 117, 94, 21, 112, 141, 32, 139, 26, 12, 108, 71, 120, 73, 24, 25, 33, 129, 36, 41, 18, 44, 11, 128, 16, 131, 63, 0, 127, 103, 86, 39, 22, 62, 4, 70, 59, 114, 143, 84, 91, 61, 118, 27, 97, 113, 15, 102, 47, 133, 123, 145, 87, 135, 51, 88, 77, 40, 7, 111, 124, 137, 126, 142, 79, 54, 58, 37, 149, 35, 17, 48, 122, 98, 28, 60, 68, 90, 134, 100, 75, 147, 67, 49, 85, 3, 8, 52, 55, 107, 105, 104, 6, 78, 45, 96, 56, 10, 69, 72, 23, 81, 50, 38, 109, 1, 148, 93, 30, 115, 116, 83, 119, 29, 57]
Mejor Fitness Epoca: 33 : 0.0014486755023577894
Mejor recorrido encontrado: [89, 42, 76, 82, 19, 125, 144, 80, 121, 64, 146, 95, 9, 43, 53, 13, 136, 14, 20, 106, 138, 140, 66, 5, 132, 65, 130, 99, 74, 101, 34, 31, 2, 110, 46, 92, 117, 94, 21, 112, 141, 32, 139, 26, 12, 108, 71, 120, 73, 24, 25, 33, 129, 36, 41, 18, 44, 11, 128, 16, 131, 63, 0, 127, 103, 86, 39, 22, 62, 4, 70, 59, 114, 98, 84, 91, 61, 118, 27, 97, 113, 15, 102, 47, 133, 123, 145, 87, 135, 51, 88, 77, 40, 7, 111, 124, 137, 126, 142, 79, 54, 58, 37, 149, 35, 17, 48, 122, 143, 28, 60, 68, 90, 134, 100, 75, 147, 67, 49, 85, 3, 8, 52, 55, 107, 105, 104, 6, 78, 45, 96, 56, 10, 69, 72, 23, 81, 50, 38, 109, 1, 148, 93, 30, 115, 116, 83, 119, 29, 57]
Mejor Fitness Epoca: 34 : 0.0014677515709025947
Mejor recorrido encontrado: [89, 42, 76, 82, 19, 125, 144, 80, 121, 64, 146, 95, 9, 43, 53, 13, 136, 14, 20, 106, 138, 140, 66, 5, 132, 65, 130, 99, 74, 101, 34, 31, 2, 110, 46, 92, 117, 94, 21, 112, 141, 32, 139, 26, 12, 108, 71, 120, 73, 24, 25, 33, 129, 36, 41, 18, 44, 11, 128, 16, 131, 63, 0, 127, 103, 86, 39, 22, 62, 4, 70, 59, 114, 98, 84, 91, 61, 118, 27, 97, 113, 15, 102, 47, 133, 123, 145, 87, 135, 51, 88, 77, 40, 7, 111, 124, 137, 126, 142, 79, 54, 58, 37, 149, 35, 17, 48, 122, 3, 28, 60, 68, 90, 134, 100, 75, 147, 67, 49, 85, 143, 8, 52, 55, 107, 105, 104, 6, 78, 45, 96, 56, 10, 69, 72, 23, 81, 50, 38, 109, 1, 148, 93, 30, 115, 116, 83, 119, 29, 57]
Mejor Fitness Epoca: 38 : 0.0014793844535278362
Mejor recorrido encontrado: [59, 108, 121, 69, 70, 122, 42, 14, 28, 92, 79, 80, 144, 143, 99, 74, 141, 72, 115, 147, 71, 67, 2, 65, 83, 73, 32, 41, 138, 87, 109, 11, 90, 84, 23, 12, 62, 31, 142, 49, 3, 37, 9, 93, 140, 98, 56, 106, 44, 61, 118, 75, 5, 27, 119, 146, 51, 116, 85, 10, 43, 86, 48, 63, 4, 24, 22, 139, 123, 26, 21, 127, 130, 16, 131, 105, 94, 34, 54, 110, 134, 128, 52, 129, 117, 124, 136, 81, 102, 30, 107, 78, 135, 103, 125, 36, 55, 15, 18, 114, 20, 40, 77, 91, 104, 89, 35, 47, 50, 88, 25, 60, 13, 132, 57, 145, 19, 1, 45, 137, 39, 58, 68, 33, 95, 96, 8, 6, 53, 29, 38, 0, 111, 133, 17, 101, 112, 120, 82, 148, 46, 7, 66, 64, 76, 149, 100, 126, 97, 113]
Mejor Fitness Epoca: 39 : 0.0015133132124929283
Mejor recorrido encontrado: [59, 108, 121, 69, 70, 122, 42, 14, 28, 92, 79, 80, 144, 143, 99, 74, 141, 72, 115, 147, 71, 67, 2, 65, 83, 73, 32, 41, 138, 87, 109, 11, 90, 84, 23, 12, 62, 31, 142, 49, 3, 37, 9, 93, 140, 98, 56, 106, 44, 61, 4, 75, 5, 27, 119, 146, 51, 116, 85, 10, 43, 86, 48, 63, 118, 24, 22, 139, 123, 26, 21, 127, 130, 16, 131, 105, 94, 34, 54, 110, 134, 128, 52, 129, 117, 124, 136, 81, 102, 30, 107, 78, 135, 103, 125, 36, 55, 15, 18, 114, 20, 40, 77, 91, 104, 89, 35, 47, 50, 88, 25, 60, 13, 132, 57, 145, 19, 1, 45, 137, 39, 58, 68, 33, 95, 96, 8, 6, 53, 29, 38, 0, 111, 133, 17, 101, 112, 120, 82, 148, 46, 7, 66, 64, 76, 149, 100, 126, 97, 113]
Mejor Fitness Epoca: 40 : 0.0015198085001813912
Mejor recorrido encontrado: [59, 108, 121, 69, 70, 122, 42, 14, 28, 92, 79, 80, 144, 143, 99, 74, 141, 72, 115, 147, 71, 61, 2, 65, 83, 73, 32, 41, 138, 87, 109, 11, 90, 84, 23, 12, 62, 31, 142, 49, 3, 37, 9, 93, 140, 98, 56, 106, 44, 67, 4, 75, 5, 27, 119, 146, 51, 116, 85, 10, 43, 86, 48, 63, 118, 24, 22, 139, 123, 26, 21, 127, 130, 16, 131, 105, 94, 34, 54, 110, 134, 128, 52, 129, 117, 124, 136, 81, 102, 30, 107, 78, 135, 103, 125, 36, 55, 15, 18, 114, 20, 40, 77, 91, 104, 89, 35, 47, 50, 88, 25, 60, 13, 132, 57, 145, 19, 1, 45, 137, 39, 58, 68, 33, 95, 96, 8, 6, 53, 29, 38, 0, 111, 133, 17, 101, 112, 120, 82, 148, 46, 7, 66, 64, 76, 149, 100, 126, 97, 113]
Mejor Fitness Epoca: 48 : 0.0015289294179267195
Mejor recorrido encontrado: [59, 108, 121, 69, 70, 122, 42, 14, 28, 92, 79, 80, 144, 143, 99, 74, 141, 72, 115, 147, 71, 61, 2, 65, 83, 73, 32, 41, 138, 87, 109, 11, 90, 84, 23, 12, 62, 31, 142, 49, 3, 37, 9, 93, 140, 98, 102, 106, 44, 67, 4, 75, 5, 27, 119, 146, 51, 116, 85, 10, 43, 86, 48, 63, 118, 24, 22, 139, 123, 26, 21, 127, 130, 16, 131, 105, 94, 34, 54, 110, 134, 128, 52, 129, 117, 124, 136, 81, 56, 30, 107, 78, 135, 103, 125, 36, 55, 15, 18, 114, 20, 40, 77, 91, 104, 89, 35, 47, 50, 88, 25, 60, 13, 132, 57, 145, 19, 1, 45, 137, 39, 58, 68, 33, 95, 96, 8, 6, 53, 29, 38, 0, 111, 133, 17, 101, 112, 120, 82, 148, 46, 7, 66, 64, 76, 149, 100, 126, 97, 113]
Mejor Fitness Epoca: 53 : 0.0015326296856392016
Mejor recorrido encontrado: [59, 108, 121, 69, 70, 122, 42, 14, 28, 92, 79, 80, 144, 143, 99, 74, 141, 72, 115, 147, 71, 61, 2, 65, 83, 73, 32, 41, 138, 87, 109, 11, 90, 84, 23, 12, 62, 31, 142, 49, 3, 37, 9, 93, 140, 98, 114, 106, 44, 67, 4, 75, 5, 27, 119, 146, 51, 116, 85, 10, 43, 86, 48, 63, 118, 24, 22, 139, 123, 26, 21, 127, 130, 16, 131, 105, 94, 34, 54, 110, 134, 128, 52, 129, 117, 124, 136, 81, 56, 30, 107, 78, 135, 103, 125, 36, 55, 15, 18, 102, 20, 40, 77, 91, 104, 89, 35, 47, 50, 88, 25, 60, 13, 132, 57, 145, 19, 1, 45, 137, 39, 58, 68, 33, 95, 96, 8, 6, 53, 29, 38, 0, 111, 133, 17, 101, 112, 120, 82, 148, 46, 7, 66, 64, 76, 149, 100, 126, 97, 113]
Mejor Fitness Epoca: 54 : 0.001540702209395489
Mejor recorrido encontrado: [59, 108, 121, 69, 70, 122, 42, 14, 28, 92, 79, 80, 144, 143, 99, 74, 141, 72, 115, 147, 71, 61, 2, 65, 83, 73, 32, 41, 138, 87, 109, 11, 90, 84, 29, 12, 62, 31, 142, 49, 3, 37, 9, 93, 140, 98, 114, 106, 44, 67, 4, 75, 5, 27, 119, 146, 51, 116, 85, 10, 43, 86, 48, 63, 118, 24, 22, 139, 123, 26, 21, 127, 130, 16, 131, 105, 94, 34, 54, 110, 134, 128, 52, 129, 117, 124, 136, 81, 56, 30, 107, 78, 135, 103, 125, 36, 55, 15, 18, 102, 20, 40, 77, 91, 104, 89, 35, 47, 50, 88, 25, 60, 13, 132, 57, 145, 19, 1, 45, 137, 39, 58, 68, 33, 95, 96, 8, 6, 53, 23, 38, 0, 111, 133, 17, 101, 112, 120, 82, 148, 46, 7, 66, 64, 76, 149, 100, 126, 97, 113]
Mejor Fitness Epoca: 55 : 0.0015517878983486156
Mejor recorrido encontrado: [59, 108, 121, 69, 70, 122, 42, 14, 28, 92, 79, 80, 144, 6, 99, 74, 141, 72, 115, 147, 71, 61, 2, 65, 83, 73, 32, 41, 138, 87, 109, 11, 90, 84, 29, 12, 62, 31, 142, 49, 3, 37, 9, 93, 140, 98, 114, 106, 44, 67, 4, 75, 5, 27, 119, 146, 51, 116, 85, 10, 43, 86, 48, 63, 118, 24, 22, 139, 123, 26, 21, 127, 130, 16, 131, 105, 94, 34, 54, 110, 134, 128, 52, 129, 117, 124, 136, 81, 56, 30, 107, 78, 135, 103, 125, 36, 55, 15, 18, 102, 20, 40, 77, 91, 104, 89, 35, 47, 50, 88, 25, 60, 13, 132, 57, 145, 19, 1, 45, 137, 39, 58, 68, 33, 95, 96, 8, 143, 53, 23, 38, 0, 111, 133, 17, 101, 112, 120, 82, 148, 46, 7, 66, 64, 76, 149, 100, 126, 97, 113]
Mejor Fitness Epoca: 58 : 0.001567423424249827
Mejor recorrido encontrado: [59, 108, 121, 69, 70, 122, 42, 14, 28, 92, 79, 80, 144, 6, 99, 74, 141, 72, 115, 147, 71, 61, 2, 65, 83, 73, 32, 41, 138, 87, 109, 11, 90, 84, 29, 12, 62, 31, 142, 49, 3, 37, 9, 93, 140, 98, 114, 106, 44, 67, 4, 75, 5, 27, 119, 146, 51, 116, 85, 10, 43, 86, 48, 63, 118, 24, 22, 139, 123, 26, 21, 127, 130, 16, 131, 105, 94, 34, 54, 110, 134, 128, 52, 129, 117, 124, 136, 81, 56, 30, 107, 78, 135, 103, 125, 36, 55, 15, 18, 102, 20, 40, 77, 91, 104, 89, 35, 47, 50, 88, 25, 60, 13, 132, 57, 145, 76, 1, 45, 137, 39, 58, 68, 33, 95, 96, 8, 143, 53, 23, 38, 0, 111, 133, 17, 101, 112, 120, 82, 148, 46, 7, 66, 64, 19, 149, 100, 126, 97, 113]
Mejor Fitness Epoca: 59 : 0.001592115003096549
Mejor recorrido encontrado: [59, 108, 121, 69, 70, 122, 42, 14, 28, 92, 79, 80, 144, 6, 99, 74, 141, 72, 115, 147, 71, 61, 2, 65, 83, 73, 32, 41, 138, 87, 109, 11, 90, 84, 29, 12, 62, 31, 142, 49, 3, 37, 9, 93, 140, 98, 114, 106, 44, 67, 4, 75, 5, 27, 119, 146, 51, 116, 85, 10, 43, 86, 48, 63, 118, 24, 22, 139, 123, 26, 21, 127, 130, 16, 131, 105, 94, 34, 54, 110, 134, 128, 52, 129, 117, 124, 136, 81, 56, 30, 107, 78, 135, 103, 125, 36, 55, 15, 18, 102, 20, 40, 77, 91, 104, 89, 126, 47, 50, 88, 25, 60, 13, 132, 57, 145, 76, 1, 45, 137, 39, 58, 68, 33, 95, 96, 8, 143, 53, 23, 38, 0, 111, 133, 17, 101, 112, 120, 82, 148, 46, 7, 66, 64, 19, 149, 100, 35, 97, 113]
Mejor Fitness Epoca: 60 : 0.0016062686331370535
Mejor recorrido encontrado: [59, 108, 121, 69, 70, 122, 42, 14, 28, 92, 79, 80, 144, 6, 99, 74, 141, 72, 115, 147, 71, 61, 2, 65, 83, 73, 32, 41, 138, 87, 109, 11, 90, 84, 29, 12, 62, 31, 142, 49, 3, 53, 9, 93, 140, 98, 114, 106, 44, 67, 4, 75, 5, 27, 119, 146, 51, 116, 85, 10, 43, 86, 48, 63, 118, 24, 22, 139, 123, 26, 21, 127, 130, 16, 131, 105, 94, 34, 54, 110, 134, 128, 52, 129, 117, 124, 136, 81, 56, 30, 107, 78, 135, 103, 125, 36, 55, 15, 18, 102, 20, 40, 77, 91, 104, 89, 126, 47, 50, 88, 25, 60, 13, 132, 57, 145, 76, 1, 45, 137, 39, 58, 68, 33, 95, 96, 8, 143, 37, 23, 38, 0, 111, 133, 17, 101, 112, 120, 82, 148, 46, 7, 66, 64, 19, 149, 100, 35, 97, 113]
Mejor Fitness Epoca: 65 : 0.0016086396743032146
Mejor recorrido encontrado: [59, 108, 121, 69, 70, 122, 42, 14, 28, 92, 79, 80, 144, 6, 99, 74, 141, 10, 115, 147, 71, 61, 2, 65, 83, 73, 32, 41, 138, 87, 109, 11, 90, 84, 29, 12, 62, 31, 142, 49, 3, 53, 9, 93, 140, 98, 114, 106, 44, 67, 4, 75, 5, 27, 119, 146, 51, 116, 85, 72, 43, 86, 48, 63, 118, 24, 22, 139, 123, 26, 21, 127, 130, 16, 131, 105, 94, 34, 54, 110, 134, 128, 52, 129, 117, 124, 136, 81, 56, 30, 107, 78, 135, 103, 125, 36, 55, 15, 18, 102, 20, 40, 77, 91, 104, 89, 126, 47, 50, 88, 25, 60, 13, 132, 57, 145, 76, 1, 45, 137, 39, 58, 68, 33, 95, 96, 8, 143, 37, 23, 38, 0, 111, 133, 17, 101, 112, 120, 82, 148, 46, 7, 66, 64, 19, 149, 100, 35, 97, 113]
Mejor Fitness Epoca: 67 : 0.0016207862274552828
Mejor recorrido encontrado: [59, 108, 121, 69, 70, 122, 42, 14, 28, 92, 79, 80, 144, 6, 99, 74, 141, 10, 115, 147, 71, 61, 2, 65, 83, 73, 32, 41, 138, 87, 109, 11, 90, 84, 29, 12, 62, 31, 142, 49, 3, 53, 9, 93, 140, 98, 114, 106, 44, 67, 4, 75, 5, 27, 119, 146, 51, 116, 85, 72, 43, 86, 48, 63, 118, 24, 37, 139, 123, 26, 21, 127, 130, 16, 131, 105, 94, 34, 54, 110, 134, 128, 52, 129, 117, 124, 136, 81, 56, 30, 107, 78, 135, 103, 125, 36, 55, 15, 18, 102, 20, 40, 77, 91, 104, 89, 126, 47, 50, 88, 25, 60, 13, 132, 57, 145, 76, 1, 45, 137, 39, 58, 68, 33, 95, 96, 8, 143, 22, 23, 38, 0, 111, 133, 17, 101, 112, 120, 82, 148, 46, 7, 66, 64, 19, 149, 100, 35, 97, 113]
Mejor Fitness Epoca: 68 : 0.0016221820797024521
Mejor recorrido encontrado: [59, 108, 129, 69, 70, 122, 42, 14, 28, 92, 79, 80, 144, 6, 99, 74, 141, 10, 115, 147, 71, 61, 2, 65, 83, 73, 32, 41, 138, 87, 109, 11, 90, 84, 29, 12, 62, 31, 142, 49, 3, 53, 9, 93, 140, 98, 114, 106, 44, 67, 4, 75, 5, 27, 119, 146, 51, 116, 85, 72, 43, 86, 48, 63, 118, 24, 37, 139, 123, 26, 21, 127, 130, 16, 131, 105, 94, 34, 54, 110, 134, 128, 52, 121, 117, 124, 136, 81, 56, 30, 107, 78, 135, 103, 125, 36, 55, 15, 18, 102, 20, 40, 77, 91, 104, 89, 126, 47, 50, 88, 25, 60, 13, 132, 57, 145, 76, 1, 45, 137, 39, 58, 68, 33, 95, 96, 8, 143, 22, 23, 38, 0, 111, 133, 17, 101, 112, 120, 82, 148, 46, 7, 66, 64, 19, 149, 100, 35, 97, 113]
Mejor Fitness Epoca: 72 : 0.0016262673210130805
Mejor recorrido encontrado: [59, 108, 129, 69, 70, 122, 42, 14, 28, 92, 79, 80, 144, 6, 99, 74, 141, 10, 115, 147, 71, 61, 2, 65, 83, 73, 32, 41, 138, 87, 109, 11, 90, 84, 29, 12, 62, 31, 142, 49, 3, 53, 9, 93, 140, 98, 114, 106, 44, 67, 4, 75, 5, 27, 119, 146, 51, 116, 85, 72, 43, 86, 48, 63, 118, 24, 37, 139, 123, 26, 21, 127, 130, 16, 131, 105, 94, 34, 54, 110, 134, 128, 97, 121, 117, 124, 136, 81, 56, 30, 107, 78, 135, 103, 125, 36, 55, 15, 18, 102, 20, 40, 77, 91, 104, 89, 126, 47, 50, 88, 25, 60, 13, 132, 57, 145, 76, 1, 45, 137, 39, 58, 68, 33, 95, 96, 8, 143, 22, 23, 38, 0, 111, 133, 17, 101, 112, 120, 82, 148, 46, 7, 66, 64, 19, 149, 100, 35, 52, 113]
Mejor Fitness Epoca: 75 : 0.0016342289258655391
Mejor recorrido encontrado: [59, 108, 129, 69, 70, 122, 42, 14, 28, 92, 79, 80, 144, 6, 99, 74, 141, 10, 115, 147, 71, 61, 2, 65, 83, 73, 52, 41, 138, 87, 109, 11, 90, 84, 29, 12, 62, 31, 142, 49, 3, 53, 9, 93, 140, 98, 114, 106, 44, 67, 4, 75, 5, 27, 119, 146, 51, 116, 85, 72, 43, 86, 48, 63, 118, 24, 37, 139, 123, 26, 21, 127, 130, 16, 131, 105, 94, 34, 54, 110, 134, 128, 97, 121, 117, 124, 136, 81, 56, 30, 107, 78, 135, 103, 125, 36, 55, 15, 18, 102, 20, 40, 77, 91, 104, 89, 126, 47, 50, 88, 25, 60, 13, 132, 57, 145, 76, 1, 45, 137, 39, 58, 68, 33, 95, 96, 8, 143, 22, 23, 38, 0, 111, 133, 17, 101, 112, 120, 82, 148, 46, 7, 66, 64, 19, 149, 100, 35, 32, 113]
Mejor Fitness Epoca: 77 : 0.0016398770404861638
Mejor recorrido encontrado: [59, 108, 129, 69, 70, 122, 42, 14, 28, 92, 79, 80, 144, 6, 99, 74, 141, 10, 115, 147, 71, 61, 2, 65, 83, 73, 52, 41, 138, 87, 109, 11, 90, 84, 29, 12, 62, 31, 142, 49, 3, 53, 9, 93, 140, 98, 114, 106, 44, 67, 4, 75, 5, 27, 119, 146, 51, 116, 85, 95, 43, 86, 48, 63, 118, 24, 37, 139, 123, 26, 21, 127, 130, 16, 131, 105, 94, 34, 54, 110, 134, 128, 97, 121, 117, 124, 136, 81, 56, 30, 107, 78, 135, 103, 125, 36, 55, 15, 18, 102, 20, 40, 77, 91, 104, 89, 126, 47, 50, 88, 25, 60, 13, 132, 57, 145, 76, 1, 45, 137, 39, 58, 68, 33, 72, 96, 8, 143, 22, 23, 38, 0, 111, 133, 17, 101, 112, 120, 82, 148, 46, 7, 66, 64, 19, 149, 100, 35, 32, 113]
Mejor Fitness Epoca: 78 : 0.0016593245412120316
Mejor recorrido encontrado: [59, 108, 129, 69, 70, 122, 42, 14, 28, 92, 79, 80, 144, 6, 141, 74, 99, 10, 115, 147, 71, 61, 2, 65, 83, 73, 52, 41, 138, 87, 109, 11, 90, 84, 29, 12, 62, 31, 142, 49, 3, 53, 9, 93, 140, 98, 114, 106, 44, 67, 4, 75, 5, 27, 119, 146, 51, 116, 85, 95, 43, 86, 48, 63, 118, 24, 37, 139, 123, 26, 21, 127, 130, 16, 131, 105, 94, 34, 54, 110, 134, 128, 97, 121, 117, 124, 136, 81, 56, 30, 107, 78, 135, 103, 125, 36, 55, 15, 18, 102, 20, 40, 77, 91, 104, 89, 126, 47, 50, 88, 25, 60, 13, 132, 57, 145, 76, 1, 45, 137, 39, 58, 68, 33, 72, 96, 8, 143, 22, 23, 38, 0, 111, 133, 17, 101, 112, 120, 82, 148, 46, 7, 66, 64, 19, 149, 100, 35, 32, 113]
Mejor Fitness Epoca: 84 : 0.0016762049310077413
Mejor recorrido encontrado: [59, 108, 129, 69, 70, 122, 42, 14, 28, 92, 79, 80, 144, 6, 141, 74, 99, 10, 115, 147, 71, 61, 2, 65, 83, 73, 52, 41, 138, 87, 109, 11, 90, 84, 29, 12, 62, 31, 142, 49, 3, 53, 9, 93, 140, 98, 114, 106, 44, 67, 4, 75, 5, 27, 119, 146, 51, 116, 85, 95, 43, 86, 48, 63, 56, 24, 37, 139, 123, 26, 21, 127, 130, 16, 131, 105, 94, 34, 54, 110, 134, 128, 97, 121, 117, 124, 136, 81, 118, 30, 107, 78, 135, 103, 125, 36, 55, 15, 18, 102, 20, 40, 77, 91, 104, 89, 126, 47, 50, 88, 25, 60, 13, 132, 57, 145, 76, 1, 45, 137, 39, 58, 68, 33, 72, 96, 8, 143, 22, 23, 38, 0, 111, 133, 17, 101, 112, 120, 82, 148, 46, 7, 66, 64, 19, 149, 100, 35, 32, 113]
Mejor Fitness Epoca: 86 : 0.0017007782138954918
Mejor recorrido encontrado: [59, 108, 129, 69, 70, 122, 42, 14, 28, 92, 79, 80, 144, 6, 141, 74, 99, 10, 115, 147, 71, 61, 2, 65, 83, 73, 52, 41, 138, 87, 109, 11, 90, 84, 29, 12, 62, 31, 142, 49, 3, 118, 9, 93, 140, 98, 114, 106, 44, 67, 4, 75, 5, 27, 119, 146, 51, 116, 85, 95, 43, 86, 48, 63, 56, 24, 37, 139, 123, 26, 21, 127, 130, 16, 131, 105, 94, 34, 54, 110, 134, 128, 97, 121, 117, 124, 136, 81, 53, 30, 107, 78, 135, 103, 125, 36, 55, 15, 18, 102, 20, 40, 77, 91, 104, 89, 126, 47, 50, 88, 25, 60, 13, 132, 57, 145, 76, 1, 45, 137, 39, 58, 68, 33, 72, 96, 8, 143, 22, 23, 38, 0, 111, 133, 17, 101, 112, 120, 82, 148, 46, 7, 66, 64, 19, 149, 100, 35, 32, 113]
Mejor Fitness Epoca: 92 : 0.001717812916532085
Mejor recorrido encontrado: [59, 108, 129, 69, 70, 122, 42, 14, 28, 92, 79, 80, 144, 6, 141, 74, 99, 10, 115, 147, 71, 61, 2, 65, 83, 73, 52, 41, 138, 87, 109, 11, 90, 84, 29, 12, 62, 31, 142, 49, 3, 118, 9, 93, 140, 98, 114, 106, 44, 67, 4, 75, 5, 25, 119, 146, 51, 116, 85, 95, 43, 86, 48, 63, 56, 24, 37, 139, 123, 26, 21, 127, 130, 16, 131, 105, 94, 34, 54, 110, 134, 128, 97, 121, 117, 124, 136, 81, 53, 30, 107, 78, 135, 103, 125, 36, 55, 15, 18, 102, 20, 40, 77, 91, 104, 89, 126, 47, 50, 88, 27, 60, 13, 132, 57, 145, 76, 1, 45, 137, 39, 58, 68, 33, 72, 96, 8, 143, 22, 23, 38, 0, 111, 133, 17, 101, 112, 120, 82, 148, 46, 7, 66, 64, 19, 149, 100, 35, 32, 113]
Mejor Fitness Epoca: 106 : 0.0017206031185641657
Mejor recorrido encontrado: [117, 57, 42, 132, 108, 32, 55, 29, 40, 19, 67, 90, 88, 100, 140, 25, 135, 15, 16, 118, 56, 111, 123, 30, 43, 41, 3, 6, 110, 113, 114, 23, 101, 75, 145, 134, 59, 71, 136, 20, 11, 10, 89, 64, 5, 36, 147, 91, 82, 62, 48, 125, 112, 121, 97, 143, 146, 76, 4, 68, 128, 115, 61, 119, 96, 142, 2, 65, 131, 50, 17, 98, 126, 94, 120, 109, 58, 77, 22, 105, 38, 37, 18, 80, 138, 69, 53, 35, 122, 28, 73, 102, 27, 24, 66, 85, 63, 14, 92, 144, 49, 13, 0, 60, 46, 52, 21, 81, 70, 51, 44, 130, 124, 127, 129, 87, 9, 31, 7, 141, 39, 116, 54, 133, 72, 137, 8, 1, 74, 139, 33, 79, 83, 106, 95, 84, 93, 103, 78, 107, 47, 45, 104, 86, 149, 26, 12, 99, 148, 34]
Mejor Fitness Epoca: 109 : 0.001723866481279031
Mejor recorrido encontrado: [117, 57, 42, 132, 108, 32, 55, 29, 40, 19, 67, 90, 88, 100, 140, 25, 135, 15, 16, 118, 56, 111, 123, 30, 43, 41, 3, 6, 110, 113, 114, 23, 101, 75, 145, 134, 59, 71, 136, 20, 11, 10, 89, 64, 5, 36, 147, 91, 82, 62, 48, 125, 112, 121, 97, 143, 146, 76, 4, 68, 128, 115, 61, 119, 96, 142, 2, 65, 131, 50, 17, 98, 126, 94, 120, 109, 58, 77, 22, 105, 38, 37, 18, 80, 138, 69, 53, 35, 122, 28, 73, 102, 27, 24, 66, 85, 63, 14, 92, 144, 49, 13, 0, 60, 46, 52, 21, 81, 70, 51, 44, 130, 124, 127, 87, 129, 9, 31, 7, 141, 39, 116, 54, 133, 72, 137, 8, 1, 74, 139, 33, 79, 83, 106, 95, 84, 93, 103, 78, 107, 47, 45, 104, 86, 149, 26, 12, 99, 148, 34]
Mejor Fitness Epoca: 128 : 0.0017255988302681763
Mejor recorrido encontrado: [11, 20, 40, 46, 138, 21, 61, 102, 113, 89, 60, 62, 134, 6, 86, 87, 119, 126, 67, 52, 129, 53, 79, 98, 26, 110, 144, 90, 44, 51, 133, 56, 14, 83, 30, 130, 114, 141, 117, 105, 23, 54, 17, 65, 68, 66, 85, 2, 80, 91, 1, 97, 135, 18, 0, 146, 70, 69, 36, 37, 84, 123, 15, 45, 29, 106, 22, 122, 112, 124, 7, 57, 108, 92, 93, 3, 116, 32, 63, 71, 143, 38, 25, 149, 59, 64, 35, 74, 48, 13, 49, 136, 100, 88, 4, 19, 72, 103, 12, 78, 109, 75, 118, 58, 34, 147, 31, 41, 132, 99, 10, 82, 139, 120, 55, 131, 137, 28, 104, 94, 107, 121, 5, 95, 148, 125, 111, 27, 127, 115, 81, 8, 73, 140, 24, 128, 43, 101, 9, 77, 16, 76, 42, 96, 50, 142, 33, 145, 47, 39]
Mejor Fitness Epoca: 130 : 0.0017262111352102578
Mejor recorrido encontrado: [114, 131, 54, 12, 32, 126, 122, 18, 40, 95, 121, 72, 46, 17, 45, 93, 100, 24, 123, 137, 99, 140, 144, 44, 33, 110, 34, 53, 75, 76, 1, 129, 117, 2, 10, 56, 77, 57, 8, 37, 42, 11, 38, 107, 124, 136, 15, 125, 105, 70, 88, 29, 108, 98, 26, 61, 115, 113, 79, 85, 135, 20, 14, 127, 13, 142, 139, 133, 87, 19, 143, 43, 74, 47, 31, 49, 41, 112, 62, 106, 59, 118, 71, 52, 22, 148, 104, 48, 5, 36, 80, 116, 25, 66, 64, 119, 81, 149, 21, 132, 68, 101, 91, 109, 55, 120, 39, 27, 69, 103, 130, 3, 58, 0, 67, 4, 16, 111, 35, 90, 82, 97, 94, 60, 84, 86, 6, 138, 65, 134, 89, 63, 73, 141, 23, 9, 147, 128, 50, 78, 7, 28, 146, 102, 145, 51, 83, 30, 96, 92]
Mejor Fitness Epoca: 134 : 0.0017441153980717523
Mejor recorrido encontrado: [11, 20, 40, 46, 138, 21, 61, 102, 113, 89, 60, 62, 134, 6, 86, 87, 119, 126, 67, 52, 129, 53, 79, 98, 26, 110, 144, 90, 44, 51, 133, 56, 14, 83, 30, 130, 114, 141, 117, 105, 23, 54, 17, 65, 68, 66, 85, 2, 80, 91, 1, 97, 135, 18, 0, 146, 70, 69, 36, 37, 84, 123, 15, 45, 29, 106, 22, 122, 112, 124, 7, 57, 108, 136, 93, 3, 116, 32, 63, 71, 143, 38, 25, 149, 59, 64, 35, 74, 48, 13, 49, 92, 100, 88, 4, 19, 72, 103, 12, 78, 109, 75, 118, 58, 34, 147, 31, 41, 132, 99, 10, 82, 139, 120, 55, 131, 137, 28, 104, 94, 107, 121, 5, 95, 148, 125, 111, 27, 127, 115, 81, 8, 73, 140, 24, 128, 43, 101, 9, 77, 16, 76, 42, 96, 50, 142, 33, 145, 47, 39]
Mejor Fitness Epoca: 140 : 0.001766056500015064
Mejor recorrido encontrado: [11, 20, 40, 46, 138, 21, 61, 102, 113, 89, 60, 62, 134, 6, 86, 87, 119, 126, 67, 52, 129, 53, 111, 98, 26, 110, 144, 90, 44, 51, 133, 56, 14, 83, 30, 130, 114, 141, 117, 105, 23, 54, 17, 65, 68, 66, 85, 2, 80, 91, 1, 97, 135, 18, 0, 146, 70, 69, 36, 37, 84, 123, 15, 45, 29, 106, 22, 122, 112, 124, 7, 57, 108, 136, 93, 3, 116, 32, 63, 71, 143, 38, 25, 149, 59, 64, 35, 74, 48, 13, 49, 92, 100, 88, 4, 19, 72, 103, 12, 78, 109, 75, 118, 58, 34, 147, 31, 41, 132, 99, 10, 82, 139, 120, 55, 131, 137, 28, 104, 94, 107, 121, 5, 95, 148, 125, 79, 27, 127, 115, 81, 8, 73, 140, 24, 128, 43, 101, 9, 77, 16, 76, 42, 96, 50, 142, 33, 145, 47, 39]
Mejor Fitness Epoca: 145 : 0.001774034330108665
Mejor recorrido encontrado: [11, 20, 40, 46, 138, 21, 61, 102, 113, 89, 60, 62, 134, 6, 86, 87, 119, 126, 67, 52, 129, 53, 111, 98, 26, 110, 144, 90, 44, 51, 133, 56, 14, 83, 30, 130, 114, 141, 117, 105, 23, 54, 17, 65, 68, 66, 85, 2, 80, 91, 1, 13, 135, 18, 0, 146, 70, 69, 36, 37, 84, 123, 15, 45, 29, 106, 22, 122, 112, 124, 7, 57, 108, 136, 93, 3, 116, 32, 63, 71, 143, 38, 25, 149, 59, 64, 35, 74, 48, 97, 49, 92, 100, 88, 4, 19, 72, 103, 12, 78, 109, 75, 118, 58, 34, 147, 31, 41, 132, 99, 10, 82, 139, 120, 55, 131, 137, 28, 104, 94, 107, 121, 5, 95, 148, 125, 79, 27, 127, 115, 81, 8, 73, 140, 24, 128, 43, 101, 9, 77, 16, 76, 42, 96, 50, 142, 33, 145, 47, 39]
Mejor Fitness Epoca: 146 : 0.0017743721410849542
Mejor recorrido encontrado: [11, 20, 40, 46, 138, 21, 61, 102, 113, 89, 60, 62, 134, 6, 86, 87, 119, 126, 67, 52, 129, 53, 111, 98, 26, 110, 144, 90, 44, 51, 133, 56, 14, 83, 30, 130, 114, 141, 117, 105, 23, 54, 17, 65, 68, 66, 85, 2, 73, 91, 1, 13, 135, 18, 0, 146, 70, 69, 36, 37, 84, 123, 15, 45, 29, 106, 22, 122, 112, 124, 7, 57, 108, 136, 93, 3, 116, 32, 63, 71, 143, 38, 25, 149, 59, 64, 35, 74, 48, 97, 49, 92, 100, 88, 4, 19, 72, 103, 12, 78, 109, 75, 118, 58, 34, 147, 31, 41, 132, 99, 10, 82, 139, 120, 55, 131, 137, 28, 104, 94, 107, 121, 5, 95, 148, 125, 79, 27, 127, 115, 81, 8, 80, 140, 24, 128, 43, 101, 9, 77, 16, 76, 42, 96, 50, 142, 33, 145, 47, 39]
Mejor Fitness Epoca: 150 : 0.0017920163184060377
Mejor recorrido encontrado: [11, 20, 40, 46, 138, 21, 61, 102, 113, 89, 60, 62, 134, 6, 86, 87, 119, 126, 67, 52, 129, 53, 111, 98, 26, 110, 144, 90, 44, 51, 133, 56, 14, 83, 30, 130, 114, 141, 117, 105, 23, 54, 17, 65, 68, 37, 85, 2, 73, 91, 1, 13, 135, 18, 0, 146, 70, 69, 36, 66, 84, 123, 15, 45, 29, 106, 22, 122, 112, 124, 7, 57, 108, 136, 93, 3, 116, 32, 63, 71, 143, 38, 25, 149, 59, 64, 35, 74, 48, 97, 49, 92, 100, 88, 4, 19, 72, 103, 12, 78, 109, 75, 118, 58, 34, 147, 31, 41, 132, 99, 10, 82, 139, 120, 55, 131, 137, 28, 104, 94, 107, 121, 5, 95, 148, 125, 79, 27, 127, 115, 81, 8, 80, 140, 24, 128, 43, 101, 9, 77, 16, 76, 42, 96, 50, 142, 33, 145, 47, 39]
Mejor Fitness Epoca: 156 : 0.0017945713399329874
Mejor recorrido encontrado: [11, 20, 40, 46, 138, 21, 61, 102, 113, 89, 60, 62, 134, 6, 86, 87, 119, 126, 67, 52, 129, 53, 111, 98, 26, 110, 144, 90, 44, 51, 133, 56, 14, 83, 30, 130, 114, 141, 117, 105, 23, 54, 17, 65, 68, 37, 85, 2, 73, 91, 1, 13, 135, 18, 0, 146, 70, 69, 36, 66, 84, 123, 15, 45, 29, 106, 22, 122, 112, 124, 7, 57, 108, 136, 93, 3, 116, 32, 63, 71, 143, 38, 25, 149, 59, 64, 35, 74, 48, 97, 49, 92, 100, 88, 4, 19, 72, 43, 12, 78, 109, 75, 118, 58, 34, 147, 31, 41, 132, 99, 10, 82, 139, 120, 55, 131, 137, 28, 104, 94, 107, 121, 5, 95, 148, 125, 79, 27, 127, 115, 81, 8, 80, 140, 24, 128, 103, 101, 9, 77, 16, 76, 42, 96, 50, 142, 33, 145, 47, 39]
Mejor Fitness Epoca: 160 : 0.0017958222168136576
Mejor recorrido encontrado: [11, 20, 40, 46, 138, 21, 61, 102, 113, 89, 60, 62, 134, 6, 86, 87, 119, 126, 67, 52, 129, 53, 111, 98, 26, 110, 144, 90, 44, 51, 133, 56, 14, 83, 30, 130, 114, 141, 117, 105, 23, 54, 17, 65, 68, 37, 85, 2, 73, 91, 1, 13, 135, 18, 0, 146, 70, 69, 36, 66, 84, 123, 15, 45, 29, 106, 22, 122, 112, 124, 7, 57, 108, 136, 93, 3, 116, 32, 96, 71, 143, 38, 25, 149, 59, 64, 35, 74, 48, 97, 49, 92, 100, 88, 4, 19, 72, 43, 12, 78, 109, 75, 118, 58, 34, 147, 31, 41, 132, 99, 10, 82, 139, 120, 55, 131, 137, 28, 104, 94, 107, 121, 5, 95, 148, 125, 79, 27, 127, 115, 81, 8, 80, 140, 24, 128, 103, 101, 9, 77, 16, 76, 42, 63, 50, 142, 33, 145, 47, 39]
Mejor Fitness Epoca: 165 : 0.0018100010487348743
Mejor recorrido encontrado: [11, 20, 40, 46, 138, 21, 61, 102, 113, 89, 60, 62, 134, 6, 86, 87, 119, 126, 67, 52, 129, 53, 111, 98, 26, 110, 144, 90, 44, 51, 133, 56, 14, 83, 30, 130, 114, 3, 117, 105, 23, 54, 17, 65, 68, 37, 85, 2, 73, 91, 1, 13, 135, 18, 0, 146, 70, 69, 36, 66, 84, 123, 15, 45, 29, 106, 22, 122, 112, 124, 7, 57, 108, 136, 93, 141, 116, 32, 96, 71, 143, 38, 25, 149, 59, 64, 35, 74, 48, 97, 49, 92, 100, 88, 4, 19, 72, 43, 12, 78, 109, 75, 118, 58, 34, 147, 31, 41, 132, 99, 10, 82, 139, 120, 55, 131, 137, 28, 104, 94, 107, 121, 5, 95, 148, 125, 79, 27, 127, 115, 81, 8, 80, 140, 24, 128, 103, 101, 9, 77, 16, 76, 42, 63, 50, 142, 33, 145, 47, 39]
Mejor Fitness Epoca: 169 : 0.001846152609007395
Mejor recorrido encontrado: [11, 20, 40, 46, 138, 21, 61, 102, 113, 89, 60, 62, 134, 6, 86, 87, 119, 126, 67, 52, 129, 53, 111, 98, 26, 110, 144, 90, 44, 51, 133, 56, 14, 83, 30, 130, 114, 3, 117, 105, 23, 54, 17, 65, 68, 37, 85, 2, 73, 91, 1, 13, 135, 18, 0, 146, 70, 69, 36, 66, 84, 123, 15, 41, 29, 106, 22, 122, 112, 124, 7, 57, 108, 136, 93, 141, 116, 32, 96, 71, 143, 38, 25, 149, 59, 64, 35, 74, 48, 97, 49, 92, 100, 88, 4, 19, 72, 43, 12, 78, 109, 75, 118, 58, 34, 147, 31, 45, 132, 99, 10, 82, 139, 120, 55, 131, 137, 28, 104, 94, 107, 121, 5, 95, 148, 125, 79, 27, 127, 115, 81, 8, 80, 140, 24, 128, 103, 101, 9, 77, 16, 76, 42, 63, 50, 142, 33, 145, 47, 39]
Mejor Fitness Epoca: 170 : 0.0018574694952490072
Mejor recorrido encontrado: [11, 20, 40, 46, 138, 21, 61, 102, 113, 89, 60, 62, 134, 6, 86, 87, 119, 126, 67, 52, 129, 53, 111, 98, 26, 110, 144, 90, 44, 51, 133, 56, 14, 83, 30, 130, 114, 3, 117, 105, 23, 54, 17, 65, 68, 37, 85, 2, 73, 91, 1, 13, 135, 18, 69, 146, 70, 0, 36, 66, 84, 123, 15, 41, 29, 106, 22, 122, 112, 124, 7, 57, 108, 136, 93, 141, 116, 32, 96, 71, 143, 38, 25, 149, 59, 64, 35, 74, 48, 97, 49, 92, 100, 88, 4, 19, 72, 43, 12, 78, 109, 75, 118, 58, 34, 147, 31, 45, 132, 99, 10, 82, 139, 120, 55, 131, 137, 28, 104, 94, 107, 121, 5, 95, 148, 125, 79, 27, 127, 115, 81, 8, 80, 140, 24, 128, 103, 101, 9, 77, 16, 76, 42, 63, 50, 142, 33, 145, 47, 39]
Mejor Fitness Epoca: 176 : 0.0018592670482995464
Mejor recorrido encontrado: [11, 20, 40, 46, 138, 21, 61, 102, 113, 89, 60, 62, 134, 6, 86, 87, 119, 126, 67, 52, 129, 53, 111, 98, 26, 110, 144, 90, 44, 51, 133, 56, 14, 83, 30, 130, 114, 3, 117, 105, 23, 54, 17, 65, 68, 37, 85, 2, 73, 91, 1, 13, 135, 18, 69, 146, 70, 0, 36, 66, 84, 123, 15, 41, 29, 106, 22, 122, 112, 124, 7, 57, 108, 136, 93, 120, 116, 32, 96, 71, 143, 38, 25, 149, 59, 64, 35, 74, 48, 97, 49, 92, 100, 88, 4, 19, 72, 43, 12, 78, 109, 75, 118, 58, 34, 147, 31, 45, 132, 99, 10, 82, 139, 141, 55, 131, 137, 28, 104, 94, 107, 121, 5, 95, 148, 125, 79, 27, 127, 115, 81, 8, 80, 140, 24, 128, 103, 101, 9, 77, 16, 76, 42, 63, 50, 142, 33, 145, 47, 39]
Mejor Fitness Epoca: 180 : 0.0018623906326574984
Mejor recorrido encontrado: [11, 20, 40, 46, 138, 21, 105, 102, 113, 89, 60, 62, 134, 6, 86, 87, 119, 126, 67, 52, 129, 53, 111, 98, 26, 110, 144, 90, 44, 51, 133, 56, 14, 83, 30, 130, 114, 3, 117, 61, 23, 54, 17, 65, 68, 37, 85, 2, 73, 91, 1, 13, 135, 18, 69, 146, 70, 0, 36, 66, 84, 123, 15, 41, 29, 106, 22, 122, 112, 124, 7, 57, 108, 136, 93, 120, 116, 32, 96, 71, 143, 38, 25, 149, 59, 64, 35, 74, 48, 97, 49, 92, 100, 88, 4, 19, 72, 43, 12, 78, 109, 75, 118, 58, 34, 147, 31, 45, 132, 99, 10, 82, 139, 141, 55, 131, 137, 28, 104, 94, 107, 121, 5, 95, 148, 125, 79, 27, 127, 115, 81, 8, 80, 140, 24, 128, 103, 101, 9, 77, 16, 76, 42, 63, 50, 142, 33, 145, 47, 39]
Mejor Fitness Epoca: 217 : 0.0018734431993406271
Mejor recorrido encontrado: [128, 88, 70, 122, 148, 61, 117, 120, 136, 125, 105, 23, 114, 81, 104, 85, 75, 65, 91, 46, 142, 26, 78, 18, 112, 29, 64, 86, 87, 50, 130, 132, 1, 55, 82, 49, 92, 69, 146, 45, 139, 48, 63, 138, 20, 126, 110, 77, 116, 140, 9, 59, 133, 56, 115, 144, 113, 84, 149, 4, 31, 97, 13, 106, 118, 27, 66, 30, 40, 7, 24, 102, 94, 17, 60, 123, 80, 121, 33, 6, 127, 44, 109, 57, 93, 47, 124, 36, 21, 37, 107, 72, 12, 16, 131, 58, 5, 52, 74, 129, 22, 15, 38, 10, 89, 100, 68, 73, 51, 147, 54, 71, 96, 67, 111, 0, 83, 134, 43, 41, 53, 99, 103, 2, 8, 137, 90, 35, 98, 101, 119, 39, 79, 62, 76, 135, 42, 32, 25, 141, 3, 34, 95, 14, 28, 19, 143, 11, 145, 108]
Mejor Fitness Epoca: 218 : 0.0018908702101688216
Mejor recorrido encontrado: [128, 88, 70, 122, 148, 61, 117, 120, 136, 125, 105, 23, 114, 81, 104, 85, 75, 65, 91, 46, 142, 26, 78, 127, 112, 29, 64, 86, 87, 50, 130, 132, 1, 55, 82, 49, 92, 69, 146, 45, 139, 48, 63, 138, 20, 126, 110, 77, 116, 140, 9, 59, 133, 56, 115, 144, 113, 84, 149, 4, 31, 97, 13, 106, 118, 27, 66, 30, 40, 7, 24, 102, 94, 17, 60, 123, 80, 121, 33, 6, 18, 44, 109, 57, 93, 47, 124, 36, 21, 37, 107, 72, 12, 16, 131, 58, 5, 52, 74, 129, 22, 15, 38, 10, 89, 100, 68, 73, 51, 147, 54, 71, 96, 67, 111, 0, 83, 134, 43, 41, 53, 99, 103, 2, 8, 137, 90, 35, 98, 101, 119, 39, 79, 62, 76, 135, 42, 32, 25, 141, 3, 34, 95, 14, 28, 19, 143, 11, 145, 108]
Mejor Fitness Epoca: 228 : 0.001893824039019333
Mejor recorrido encontrado: [128, 88, 70, 122, 148, 61, 117, 120, 136, 125, 105, 23, 114, 81, 104, 85, 75, 65, 91, 46, 142, 26, 78, 127, 112, 29, 64, 86, 87, 134, 130, 132, 1, 55, 82, 49, 92, 69, 146, 45, 139, 48, 63, 138, 20, 126, 110, 77, 116, 140, 9, 59, 133, 56, 115, 144, 113, 84, 149, 4, 31, 97, 13, 106, 118, 27, 66, 30, 40, 7, 24, 102, 94, 17, 60, 123, 80, 121, 33, 6, 18, 44, 109, 57, 93, 47, 124, 36, 21, 37, 107, 72, 12, 16, 131, 58, 5, 52, 74, 129, 22, 15, 38, 10, 89, 100, 68, 73, 51, 147, 54, 71, 96, 67, 111, 0, 83, 50, 43, 41, 53, 99, 103, 2, 8, 137, 90, 35, 98, 101, 119, 39, 79, 62, 76, 135, 42, 32, 25, 141, 3, 34, 95, 14, 28, 19, 143, 11, 145, 108]
Mejor Fitness Epoca: 231 : 0.0018952445632234348
Mejor recorrido encontrado: [128, 88, 70, 122, 148, 61, 117, 120, 136, 125, 105, 23, 114, 81, 104, 85, 75, 65, 91, 46, 142, 26, 78, 127, 112, 29, 64, 86, 87, 134, 130, 132, 1, 55, 82, 49, 92, 69, 146, 45, 139, 48, 93, 138, 20, 126, 110, 77, 116, 140, 9, 59, 133, 56, 115, 144, 113, 84, 149, 4, 31, 97, 13, 106, 118, 27, 66, 30, 40, 7, 24, 102, 94, 17, 60, 123, 80, 121, 33, 6, 18, 44, 109, 57, 63, 47, 124, 36, 21, 37, 107, 72, 12, 16, 131, 58, 5, 52, 74, 129, 22, 15, 38, 10, 89, 100, 68, 73, 51, 147, 54, 71, 96, 67, 111, 0, 83, 50, 43, 41, 53, 99, 103, 2, 8, 137, 90, 35, 98, 101, 119, 39, 79, 62, 76, 135, 42, 32, 25, 141, 3, 34, 95, 14, 28, 19, 143, 11, 145, 108]
Mejor Fitness Epoca: 235 : 0.0019084512749623092
Mejor recorrido encontrado: [128, 88, 70, 122, 148, 61, 117, 120, 136, 125, 105, 23, 114, 81, 104, 85, 75, 65, 91, 46, 142, 26, 78, 127, 112, 29, 64, 86, 87, 134, 130, 132, 1, 55, 82, 49, 92, 69, 146, 45, 139, 48, 93, 138, 20, 126, 110, 77, 116, 140, 9, 59, 133, 56, 115, 144, 113, 84, 149, 4, 31, 97, 13, 106, 118, 27, 66, 30, 40, 7, 24, 102, 94, 17, 60, 123, 80, 121, 33, 6, 18, 44, 109, 57, 63, 47, 124, 36, 21, 37, 107, 72, 12, 16, 131, 58, 5, 52, 74, 129, 22, 15, 38, 10, 89, 100, 68, 73, 51, 147, 54, 71, 96, 67, 111, 95, 83, 50, 43, 41, 53, 99, 103, 2, 8, 137, 90, 35, 98, 101, 119, 39, 79, 62, 76, 135, 42, 32, 25, 141, 3, 34, 0, 14, 28, 19, 143, 11, 145, 108]
Mejor Fitness Epoca: 243 : 0.0019114871661154663
Mejor recorrido encontrado: [128, 88, 70, 122, 148, 61, 117, 120, 136, 125, 105, 23, 114, 81, 104, 85, 75, 65, 91, 46, 142, 26, 78, 127, 112, 29, 64, 86, 87, 134, 130, 132, 58, 55, 82, 49, 92, 69, 146, 45, 139, 48, 93, 138, 20, 126, 110, 77, 116, 140, 9, 59, 133, 56, 115, 144, 113, 84, 149, 4, 31, 97, 13, 106, 118, 27, 66, 30, 40, 7, 24, 102, 94, 17, 60, 123, 80, 121, 33, 6, 18, 44, 109, 57, 63, 47, 124, 36, 21, 37, 107, 72, 12, 16, 131, 1, 5, 52, 74, 129, 22, 15, 38, 10, 89, 100, 68, 73, 51, 147, 54, 71, 96, 67, 111, 95, 83, 50, 43, 41, 53, 99, 103, 2, 8, 137, 90, 35, 98, 101, 119, 39, 79, 62, 76, 135, 42, 32, 25, 141, 3, 34, 0, 14, 28, 19, 143, 11, 145, 108]
Mejor Fitness Epoca: 292 : 0.0019343500416178076
Mejor recorrido encontrado: [104, 28, 107, 145, 131, 33, 139, 144, 84, 63, 35, 112, 136, 7, 119, 27, 82, 113, 134, 97, 23, 40, 21, 109, 16, 56, 147, 34, 17, 79, 15, 116, 44, 58, 13, 54, 65, 87, 8, 143, 105, 140, 43, 70, 127, 10, 74, 14, 71, 19, 60, 110, 62, 106, 95, 120, 3, 2, 96, 81, 141, 89, 129, 93, 130, 4, 132, 77, 52, 5, 68, 36, 6, 138, 67, 76, 75, 45, 137, 115, 1, 90, 51, 64, 53, 22, 31, 80, 98, 85, 57, 142, 49, 125, 114, 39, 146, 148, 118, 50, 108, 88, 100, 30, 111, 133, 72, 92, 29, 103, 121, 101, 0, 48, 123, 117, 102, 124, 135, 42, 46, 86, 20, 55, 69, 24, 73, 99, 83, 12, 149, 122, 38, 59, 32, 61, 37, 94, 91, 25, 128, 78, 18, 47, 9, 11, 126, 26, 66, 41]
Mejor Fitness Epoca: 303 : 0.0019363985034024204
Mejor recorrido encontrado: [104, 28, 107, 145, 131, 33, 139, 144, 84, 63, 35, 112, 136, 7, 119, 27, 82, 113, 134, 97, 23, 40, 21, 109, 64, 56, 147, 34, 17, 79, 15, 116, 44, 58, 13, 54, 65, 87, 8, 143, 105, 140, 43, 70, 127, 10, 74, 14, 71, 19, 60, 110, 62, 106, 95, 120, 3, 2, 96, 81, 141, 89, 129, 93, 130, 4, 132, 77, 52, 5, 68, 36, 6, 138, 67, 76, 75, 45, 137, 115, 1, 90, 51, 16, 53, 22, 31, 80, 98, 85, 57, 142, 49, 125, 114, 39, 146, 148, 118, 50, 108, 88, 100, 30, 111, 133, 72, 92, 29, 103, 121, 101, 0, 48, 123, 117, 102, 124, 135, 42, 46, 86, 20, 55, 69, 24, 73, 99, 83, 12, 149, 122, 38, 59, 32, 61, 37, 94, 91, 25, 128, 78, 18, 47, 9, 11, 126, 26, 66, 41]
Mejor Fitness Epoca: 305 : 0.0019428009590823517
Mejor recorrido encontrado: [104, 28, 107, 145, 131, 33, 139, 144, 84, 63, 35, 112, 136, 7, 119, 27, 82, 113, 134, 97, 23, 40, 21, 109, 64, 56, 147, 34, 17, 79, 15, 116, 44, 58, 13, 54, 65, 87, 8, 143, 105, 140, 43, 70, 127, 10, 74, 14, 135, 19, 60, 110, 62, 106, 95, 120, 3, 2, 96, 81, 141, 89, 129, 93, 130, 4, 132, 77, 52, 5, 68, 36, 6, 138, 67, 76, 75, 45, 137, 115, 1, 90, 51, 16, 53, 22, 31, 80, 98, 85, 57, 142, 49, 125, 114, 39, 146, 148, 118, 50, 108, 88, 100, 30, 111, 133, 72, 92, 29, 103, 121, 101, 0, 48, 123, 117, 102, 124, 71, 42, 46, 86, 20, 55, 69, 24, 73, 99, 83, 12, 149, 122, 38, 59, 32, 61, 37, 94, 91, 25, 128, 78, 18, 47, 9, 11, 126, 26, 66, 41]
Mejor Fitness Epoca: 659 : 0.0019466570662980101
Mejor recorrido encontrado: [52, 40, 137, 6, 61, 4, 5, 115, 144, 16, 97, 47, 136, 8, 139, 64, 124, 48, 11, 19, 123, 129, 134, 15, 72, 27, 53, 104, 58, 149, 130, 0, 38, 87, 89, 91, 36, 111, 147, 125, 45, 23, 51, 39, 141, 93, 17, 122, 120, 46, 63, 145, 56, 127, 42, 126, 133, 108, 140, 148, 65, 114, 119, 96, 85, 74, 68, 71, 143, 80, 132, 18, 49, 43, 26, 82, 20, 142, 105, 78, 60, 30, 13, 146, 116, 94, 92, 14, 54, 95, 22, 31, 76, 10, 3, 57, 7, 121, 33, 106, 66, 101, 59, 135, 113, 9, 2, 37, 90, 107, 1, 50, 81, 88, 28, 24, 100, 34, 29, 73, 110, 102, 44, 70, 112, 109, 118, 131, 12, 67, 35, 128, 32, 62, 117, 83, 41, 98, 79, 138, 75, 55, 21, 77, 25, 69, 103, 86, 99, 84]
Mejor Fitness Epoca: 660 : 0.0019481066929041221
Mejor recorrido encontrado: [52, 40, 137, 6, 61, 4, 5, 115, 144, 16, 97, 47, 136, 8, 139, 64, 124, 48, 11, 19, 123, 129, 134, 15, 72, 27, 53, 104, 58, 149, 130, 0, 38, 87, 89, 91, 36, 111, 147, 125, 45, 23, 51, 39, 141, 93, 17, 122, 120, 46, 63, 145, 56, 127, 42, 126, 133, 108, 140, 148, 65, 114, 119, 96, 85, 74, 68, 71, 143, 80, 132, 18, 49, 43, 26, 82, 20, 142, 105, 78, 60, 30, 13, 146, 116, 94, 92, 14, 54, 95, 22, 31, 76, 10, 25, 57, 7, 121, 33, 106, 66, 101, 59, 135, 113, 9, 2, 37, 90, 107, 1, 50, 81, 88, 28, 24, 100, 34, 29, 73, 110, 102, 44, 70, 112, 109, 118, 131, 12, 67, 35, 128, 32, 62, 117, 83, 41, 98, 79, 138, 75, 55, 21, 77, 3, 69, 103, 86, 99, 84]
