Mejor Fitness Epoca: 0 : 0.0020165881847980073
Mejor recorrido encontrado: [45, 98, 20, 65, 62, 10, 56, 77, 81, 42, 82, 57, 94, 58, 0, 29, 26, 17, 75, 49, 44, 43, 19, 79, 6, 7, 97, 16, 37, 85, 46, 52, 5, 2, 8, 84, 66, 14, 88, 96, 91, 33, 92, 74, 27, 11, 40, 18, 72, 39, 36, 70, 3, 31, 71, 67, 76, 32, 90, 13, 12, 38, 93, 60, 68, 9, 89, 34, 15, 47, 86, 50, 41, 95, 73, 30, 24, 78, 23, 55, 63, 54, 35, 22, 99, 48, 53, 59, 51, 64, 4, 83, 80, 61, 69, 1, 25, 28, 87, 21]
Mejor Fitness Epoca: 2 : 0.002033936571348317
Mejor recorrido encontrado: [45, 98, 20, 65, 62, 10, 56, 77, 81, 42, 82, 57, 94, 58, 0, 29, 26, 17, 75, 49, 44, 43, 19, 79, 6, 7, 97, 16, 37, 85, 46, 52, 5, 2, 8, 84, 66, 14, 88, 96, 91, 33, 92, 74, 27, 11, 40, 18, 72, 39, 36, 70, 3, 31, 71, 67, 76, 32, 90, 13, 12, 38, 93, 60, 68, 9, 89, 34, 15, 47, 86, 50, 41, 95, 73, 30, 24, 78, 23, 55, 63, 54, 35, 22, 99, 48, 53, 59, 51, 69, 4, 83, 80, 61, 64, 1, 25, 28, 87, 21]
Mejor Fitness Epoca: 7 : 0.0020835239214021927
Mejor recorrido encontrado: [93, 33, 78, 81, 67, 85, 72, 91, 46, 63, 2, 89, 60, 25, 90, 80, 45, 5, 71, 26, 50, 15, 12, 59, 69, 41, 77, 31, 47, 99, 17, 6, 76, 29, 44, 66, 49, 34, 58, 37, 82, 87, 39, 95, 84, 83, 23, 75, 65, 1, 54, 20, 18, 70, 57, 40, 27, 9, 51, 94, 43, 56, 35, 4, 74, 73, 92, 62, 13, 98, 16, 19, 68, 8, 24, 64, 97, 48, 28, 14, 86, 0, 42, 11, 52, 22, 21, 7, 96, 88, 36, 38, 10, 3, 79, 30, 61, 55, 32, 53]
Mejor Fitness Epoca: 8 : 0.002102574764861539
Mejor recorrido encontrado: [93, 33, 78, 81, 67, 85, 72, 91, 83, 63, 2, 89, 60, 25, 90, 80, 45, 5, 71, 26, 50, 15, 12, 59, 69, 41, 77, 31, 47, 99, 17, 6, 76, 29, 44, 66, 49, 34, 58, 37, 82, 87, 39, 95, 84, 46, 23, 75, 65, 1, 54, 20, 18, 70, 57, 40, 27, 9, 51, 94, 43, 56, 35, 4, 74, 73, 92, 62, 13, 98, 16, 19, 68, 8, 24, 64, 97, 48, 28, 14, 86, 0, 42, 11, 52, 22, 21, 7, 96, 88, 36, 38, 10, 3, 79, 30, 61, 55, 32, 53]
Mejor Fitness Epoca: 11 : 0.002128861951588909
Mejor recorrido encontrado: [93, 33, 78, 81, 67, 85, 72, 91, 83, 63, 2, 89, 60, 25, 90, 80, 45, 5, 71, 26, 50, 15, 12, 59, 69, 41, 77, 31, 47, 99, 17, 6, 76, 29, 44, 66, 49, 34, 58, 37, 82, 87, 39, 95, 84, 46, 23, 75, 65, 1, 54, 20, 18, 70, 57, 40, 27, 9, 51, 94, 43, 64, 35, 4, 74, 73, 92, 62, 13, 98, 16, 19, 68, 8, 24, 56, 97, 48, 28, 14, 86, 0, 42, 11, 52, 22, 21, 7, 96, 88, 36, 38, 10, 3, 79, 30, 61, 55, 32, 53]
Mejor Fitness Epoca: 12 : 0.0021366783381058844
Mejor recorrido encontrado: [2, 23, 92, 73, 34, 39, 68, 46, 30, 22, 58, 88, 78, 43, 55, 76, 98, 18, 59, 53, 9, 50, 86, 32, 28, 67, 64, 81, 35, 25, 13, 66, 44, 26, 45, 82, 49, 29, 96, 75, 63, 60, 52, 4, 93, 87, 62, 7, 71, 72, 3, 1, 19, 15, 99, 61, 27, 21, 10, 16, 36, 83, 24, 95, 57, 11, 89, 65, 33, 8, 47, 48, 84, 90, 54, 97, 31, 80, 56, 38, 85, 74, 17, 69, 51, 70, 20, 77, 5, 0, 91, 40, 42, 37, 41, 6, 79, 94, 12, 14]
Mejor Fitness Epoca: 13 : 0.002139274621193495
Mejor recorrido encontrado: [2, 23, 92, 73, 34, 39, 68, 46, 30, 22, 52, 88, 78, 43, 55, 76, 98, 18, 59, 53, 9, 50, 86, 32, 28, 67, 64, 81, 35, 25, 13, 66, 44, 26, 45, 82, 49, 29, 96, 75, 63, 60, 58, 4, 93, 87, 62, 7, 71, 72, 3, 1, 19, 15, 99, 61, 27, 21, 10, 16, 36, 83, 24, 95, 57, 11, 89, 65, 33, 8, 47, 48, 84, 90, 54, 97, 31, 80, 56, 38, 85, 74, 17, 69, 51, 70, 20, 77, 5, 0, 91, 40, 42, 37, 41, 6, 79, 94, 12, 14]
Mejor Fitness Epoca: 14 : 0.002188000487560421
Mejor recorrido encontrado: [2, 23, 92, 73, 34, 39, 68, 46, 30, 22, 52, 88, 78, 43, 55, 76, 98, 18, 59, 53, 9, 50, 86, 32, 28, 67, 64, 81, 35, 25, 13, 66, 44, 26, 45, 82, 49, 29, 96, 75, 63, 60, 58, 4, 93, 87, 62, 7, 71, 72, 3, 1, 19, 15, 99, 61, 27, 21, 10, 16, 36, 83, 24, 95, 57, 11, 89, 65, 33, 8, 47, 48, 84, 90, 54, 94, 31, 80, 56, 38, 85, 74, 17, 69, 51, 70, 20, 77, 5, 0, 91, 40, 42, 37, 41, 6, 79, 97, 12, 14]
Mejor Fitness Epoca: 21 : 0.0021889562118442034
Mejor recorrido encontrado: [93, 33, 78, 81, 67, 85, 72, 91, 83, 63, 2, 68, 71, 25, 90, 80, 45, 5, 60, 26, 50, 15, 12, 59, 69, 41, 77, 31, 47, 99, 17, 6, 76, 29, 44, 66, 49, 34, 58, 37, 82, 87, 39, 95, 84, 46, 23, 75, 65, 1, 54, 20, 18, 70, 57, 40, 27, 9, 51, 94, 43, 64, 35, 4, 74, 73, 92, 62, 13, 98, 16, 19, 89, 8, 24, 56, 97, 48, 28, 14, 86, 0, 42, 11, 52, 22, 21, 7, 96, 88, 36, 38, 10, 3, 79, 30, 61, 55, 32, 53]
Mejor Fitness Epoca: 22 : 0.002232223050356692
Mejor recorrido encontrado: [26, 2, 63, 6, 33, 32, 88, 29, 66, 40, 34, 83, 7, 52, 21, 87, 18, 78, 62, 17, 1, 64, 53, 97, 56, 55, 39, 24, 42, 54, 37, 93, 45, 23, 4, 49, 60, 14, 43, 89, 19, 85, 0, 48, 79, 10, 28, 12, 58, 86, 81, 36, 16, 51, 25, 35, 70, 65, 92, 94, 44, 41, 47, 9, 76, 50, 38, 5, 73, 77, 75, 67, 68, 15, 8, 99, 27, 82, 95, 96, 31, 84, 69, 30, 57, 3, 74, 98, 91, 71, 22, 90, 11, 59, 80, 20, 46, 61, 13, 72]
Mejor Fitness Epoca: 24 : 0.0022376416176429154
Mejor recorrido encontrado: [93, 33, 78, 81, 67, 85, 72, 91, 83, 63, 2, 68, 71, 25, 90, 80, 45, 5, 28, 26, 50, 15, 12, 59, 69, 41, 77, 31, 47, 99, 17, 6, 76, 29, 44, 66, 49, 34, 58, 37, 82, 87, 39, 95, 84, 46, 23, 75, 65, 21, 54, 20, 18, 70, 57, 40, 27, 9, 51, 94, 43, 64, 35, 4, 74, 73, 92, 62, 13, 98, 16, 19, 89, 8, 24, 56, 97, 48, 60, 14, 86, 0, 42, 11, 52, 22, 1, 7, 96, 88, 36, 38, 10, 3, 79, 30, 61, 55, 32, 53]
Mejor Fitness Epoca: 26 : 0.002244947762694951
Mejor recorrido encontrado: [2, 23, 92, 73, 34, 39, 68, 46, 30, 22, 52, 88, 78, 43, 55, 76, 98, 18, 59, 53, 9, 50, 86, 32, 28, 67, 64, 81, 35, 25, 13, 58, 44, 26, 45, 82, 49, 29, 96, 75, 63, 60, 66, 4, 93, 87, 62, 7, 71, 72, 3, 1, 19, 15, 99, 61, 27, 21, 10, 16, 36, 83, 24, 95, 57, 11, 89, 5, 33, 8, 47, 48, 84, 90, 54, 94, 31, 80, 56, 38, 85, 74, 17, 69, 51, 70, 20, 77, 65, 0, 91, 40, 42, 37, 41, 6, 79, 97, 12, 14]
Mejor Fitness Epoca: 28 : 0.002261276864335666
Mejor recorrido encontrado: [82, 72, 12, 46, 75, 27, 94, 4, 23, 33, 52, 95, 79, 43, 76, 57, 37, 62, 85, 67, 10, 49, 69, 65, 86, 97, 18, 63, 77, 44, 13, 91, 78, 26, 92, 35, 28, 68, 11, 2, 53, 9, 31, 21, 1, 84, 54, 56, 47, 88, 32, 50, 0, 14, 71, 81, 45, 19, 89, 38, 48, 73, 66, 70, 59, 39, 36, 41, 20, 25, 29, 98, 99, 80, 40, 42, 17, 61, 55, 93, 16, 3, 24, 60, 90, 74, 8, 83, 5, 30, 96, 87, 51, 22, 58, 64, 6, 7, 15, 34]
Mejor Fitness Epoca: 31 : 0.002302860101540848
Mejor recorrido encontrado: [90, 47, 40, 85, 60, 0, 46, 8, 42, 55, 86, 72, 61, 77, 57, 6, 67, 52, 69, 93, 64, 37, 59, 89, 49, 87, 92, 79, 36, 9, 88, 24, 1, 70, 33, 12, 20, 16, 41, 75, 39, 32, 56, 82, 95, 25, 48, 91, 18, 38, 99, 4, 22, 31, 43, 7, 2, 28, 34, 78, 26, 63, 51, 23, 17, 27, 97, 83, 58, 29, 15, 35, 68, 19, 94, 13, 66, 14, 11, 53, 81, 84, 10, 44, 73, 50, 80, 71, 65, 76, 5, 74, 30, 54, 96, 62, 98, 45, 3, 21]
Mejor Fitness Epoca: 32 : 0.002322638008834238
Mejor recorrido encontrado: [90, 47, 40, 85, 60, 0, 46, 8, 42, 55, 86, 72, 61, 77, 57, 6, 67, 52, 69, 93, 51, 37, 59, 89, 49, 87, 92, 79, 36, 9, 88, 24, 1, 70, 33, 12, 20, 16, 41, 75, 39, 32, 56, 82, 95, 25, 48, 91, 18, 38, 99, 4, 22, 31, 43, 7, 2, 28, 34, 78, 26, 63, 64, 23, 17, 27, 97, 83, 58, 29, 15, 35, 68, 19, 94, 13, 66, 14, 11, 53, 81, 84, 10, 44, 73, 50, 80, 71, 65, 76, 5, 74, 30, 54, 96, 62, 98, 45, 3, 21]
Mejor Fitness Epoca: 41 : 0.002340464789047154
Mejor recorrido encontrado: [90, 47, 40, 85, 60, 0, 46, 8, 42, 55, 86, 72, 61, 77, 57, 6, 67, 52, 69, 93, 51, 37, 59, 89, 49, 87, 92, 79, 36, 9, 88, 24, 1, 70, 33, 12, 20, 16, 41, 75, 39, 32, 56, 54, 95, 25, 48, 91, 18, 38, 99, 4, 22, 31, 43, 7, 2, 28, 34, 78, 26, 63, 64, 23, 17, 27, 97, 83, 58, 29, 15, 35, 68, 19, 94, 13, 66, 14, 11, 53, 81, 84, 10, 44, 73, 50, 80, 71, 65, 76, 5, 74, 30, 82, 96, 62, 98, 45, 3, 21]
Mejor Fitness Epoca: 44 : 0.0023768799620479926
Mejor recorrido encontrado: [90, 47, 40, 85, 60, 0, 46, 8, 42, 55, 86, 72, 61, 77, 57, 6, 67, 52, 69, 93, 51, 37, 59, 89, 49, 87, 92, 79, 36, 9, 88, 24, 1, 70, 33, 12, 20, 16, 41, 75, 39, 32, 56, 54, 95, 25, 48, 91, 18, 38, 99, 4, 22, 31, 43, 7, 2, 34, 28, 78, 26, 63, 64, 23, 17, 27, 97, 83, 58, 29, 15, 35, 68, 19, 94, 13, 66, 14, 11, 53, 81, 84, 10, 44, 73, 50, 80, 71, 65, 76, 5, 74, 30, 82, 96, 62, 98, 45, 3, 21]
Mejor Fitness Epoca: 48 : 0.002381729871430144
Mejor recorrido encontrado: [82, 72, 12, 46, 75, 27, 94, 4, 23, 33, 52, 56, 79, 43, 76, 57, 37, 62, 85, 67, 10, 49, 69, 65, 86, 97, 18, 63, 77, 44, 13, 91, 78, 26, 81, 35, 28, 68, 11, 2, 53, 9, 31, 47, 1, 84, 54, 95, 21, 88, 32, 50, 0, 14, 71, 92, 45, 40, 89, 38, 48, 73, 66, 70, 59, 39, 90, 41, 20, 25, 29, 98, 99, 80, 19, 42, 17, 61, 55, 93, 16, 3, 24, 60, 36, 74, 8, 83, 5, 30, 96, 87, 51, 22, 58, 64, 6, 7, 15, 34]
Mejor Fitness Epoca: 50 : 0.00243206637282501
Mejor recorrido encontrado: [90, 47, 40, 85, 60, 0, 46, 8, 42, 55, 86, 72, 61, 77, 57, 6, 67, 52, 69, 93, 51, 37, 59, 89, 49, 87, 92, 79, 36, 9, 45, 24, 1, 70, 33, 12, 10, 16, 41, 75, 39, 32, 56, 54, 95, 25, 48, 91, 18, 38, 99, 4, 22, 31, 43, 7, 2, 34, 28, 78, 26, 63, 64, 23, 17, 27, 97, 83, 58, 29, 15, 35, 68, 19, 94, 13, 66, 14, 11, 53, 81, 84, 20, 44, 73, 50, 80, 71, 65, 76, 5, 74, 30, 82, 96, 62, 98, 88, 3, 21]
Mejor Fitness Epoca: 53 : 0.00243412235693221
Mejor recorrido encontrado: [45, 98, 23, 8, 62, 10, 56, 77, 81, 42, 82, 57, 94, 58, 0, 18, 72, 12, 75, 49, 44, 43, 19, 79, 61, 7, 97, 16, 37, 85, 46, 52, 5, 2, 65, 84, 66, 14, 88, 96, 91, 4, 92, 74, 27, 11, 40, 29, 87, 39, 78, 70, 3, 31, 71, 67, 76, 32, 90, 13, 17, 38, 93, 60, 26, 9, 89, 25, 15, 47, 86, 50, 41, 95, 73, 30, 24, 83, 20, 55, 63, 99, 35, 22, 54, 48, 53, 59, 51, 69, 33, 36, 80, 6, 64, 1, 34, 28, 68, 21]
Mejor Fitness Epoca: 59 : 0.0024394633864389865
Mejor recorrido encontrado: [82, 72, 12, 46, 75, 27, 94, 4, 23, 33, 52, 56, 79, 43, 76, 57, 37, 62, 85, 67, 10, 49, 69, 65, 86, 97, 18, 63, 77, 44, 13, 91, 78, 26, 81, 35, 28, 68, 11, 2, 53, 9, 24, 47, 1, 5, 54, 95, 21, 88, 32, 50, 0, 14, 71, 92, 45, 40, 89, 38, 48, 73, 66, 70, 59, 39, 90, 41, 20, 25, 29, 98, 99, 80, 19, 42, 17, 61, 55, 93, 16, 3, 31, 60, 36, 74, 8, 83, 84, 30, 96, 87, 51, 22, 58, 64, 6, 7, 15, 34]
Mejor Fitness Epoca: 61 : 0.0024826903739790037
Mejor recorrido encontrado: [77, 98, 23, 8, 62, 10, 56, 45, 81, 42, 82, 57, 94, 58, 0, 18, 72, 12, 75, 49, 44, 43, 19, 79, 61, 7, 97, 16, 37, 85, 46, 52, 5, 2, 65, 84, 66, 14, 88, 96, 91, 4, 92, 74, 27, 11, 40, 29, 87, 39, 78, 70, 3, 31, 71, 67, 76, 32, 90, 13, 17, 38, 93, 60, 26, 9, 89, 25, 15, 47, 86, 50, 41, 95, 73, 30, 24, 83, 20, 55, 63, 99, 35, 22, 54, 48, 53, 59, 51, 69, 33, 36, 80, 6, 64, 1, 34, 28, 68, 21]
Mejor Fitness Epoca: 66 : 0.002513363449298907
Mejor recorrido encontrado: [90, 47, 40, 85, 60, 0, 46, 8, 42, 55, 86, 72, 32, 77, 57, 1, 3, 52, 69, 93, 51, 37, 59, 89, 49, 87, 92, 79, 36, 9, 45, 24, 6, 70, 33, 12, 10, 16, 41, 75, 39, 61, 56, 54, 95, 25, 48, 91, 18, 38, 99, 4, 22, 31, 43, 7, 2, 34, 28, 78, 26, 63, 64, 23, 17, 27, 97, 83, 58, 13, 15, 35, 68, 19, 94, 29, 66, 14, 11, 53, 81, 84, 20, 44, 73, 50, 80, 71, 65, 76, 5, 74, 30, 82, 96, 62, 98, 88, 67, 21]
Mejor Fitness Epoca: 70 : 0.0025304860368096814
Mejor recorrido encontrado: [3, 10, 32, 18, 62, 22, 56, 19, 16, 46, 23, 80, 50, 42, 93, 43, 74, 99, 65, 92, 69, 64, 66, 35, 4, 28, 97, 59, 84, 94, 51, 11, 33, 98, 13, 90, 77, 53, 52, 26, 60, 38, 55, 25, 71, 21, 27, 47, 12, 49, 8, 85, 70, 36, 30, 5, 54, 48, 29, 7, 88, 17, 57, 67, 72, 82, 34, 39, 15, 45, 89, 91, 37, 61, 96, 31, 40, 83, 76, 63, 41, 68, 87, 2, 24, 20, 79, 1, 9, 95, 81, 75, 6, 44, 73, 0, 14, 78, 86, 58]
Mejor Fitness Epoca: 71 : 0.0025353106051498814
Mejor recorrido encontrado: [2, 23, 92, 73, 34, 39, 68, 46, 30, 50, 52, 88, 78, 43, 55, 76, 98, 18, 80, 53, 9, 38, 13, 32, 85, 67, 64, 81, 35, 25, 86, 58, 44, 26, 45, 82, 49, 29, 96, 75, 91, 60, 66, 4, 93, 87, 62, 7, 71, 72, 19, 1, 3, 15, 99, 11, 27, 21, 10, 16, 36, 83, 24, 95, 47, 61, 89, 5, 33, 6, 57, 48, 84, 90, 54, 94, 31, 59, 56, 22, 28, 74, 17, 69, 51, 70, 20, 77, 65, 0, 63, 40, 42, 37, 41, 8, 79, 97, 12, 14]
Mejor Fitness Epoca: 73 : 0.0025672589875150318
Mejor recorrido encontrado: [90, 47, 40, 85, 60, 0, 46, 8, 42, 55, 86, 72, 32, 77, 57, 1, 3, 52, 69, 93, 51, 37, 59, 89, 49, 87, 92, 79, 36, 9, 45, 27, 6, 70, 33, 12, 10, 16, 41, 75, 39, 61, 56, 54, 95, 25, 48, 91, 18, 38, 99, 4, 22, 31, 43, 7, 2, 34, 28, 78, 26, 63, 64, 23, 17, 24, 97, 83, 58, 13, 15, 35, 68, 19, 94, 29, 66, 14, 11, 53, 81, 84, 20, 44, 73, 50, 80, 71, 65, 76, 5, 74, 30, 82, 96, 62, 98, 88, 67, 21]
Mejor Fitness Epoca: 74 : 0.002577491722223198
Mejor recorrido encontrado: [2, 23, 92, 73, 34, 39, 68, 46, 30, 50, 52, 88, 78, 43, 55, 76, 98, 18, 80, 53, 9, 38, 13, 33, 85, 67, 64, 81, 35, 25, 86, 58, 44, 26, 45, 82, 49, 29, 96, 75, 91, 60, 66, 4, 93, 87, 62, 7, 71, 72, 19, 1, 3, 15, 99, 11, 27, 21, 10, 16, 36, 83, 24, 95, 47, 61, 89, 5, 32, 6, 57, 48, 84, 90, 54, 94, 31, 59, 56, 22, 28, 74, 17, 69, 51, 70, 20, 77, 65, 0, 63, 40, 42, 37, 41, 8, 79, 97, 12, 14]
Mejor Fitness Epoca: 75 : 0.002604859599100181
Mejor recorrido encontrado: [3, 10, 32, 18, 62, 22, 56, 19, 16, 46, 23, 80, 50, 42, 93, 43, 64, 31, 65, 92, 69, 74, 66, 35, 4, 28, 97, 60, 84, 94, 51, 11, 33, 98, 13, 90, 77, 53, 52, 26, 59, 38, 55, 25, 71, 21, 27, 47, 12, 49, 8, 85, 70, 36, 30, 5, 54, 48, 29, 7, 88, 17, 57, 67, 72, 82, 34, 39, 15, 45, 89, 91, 37, 61, 96, 99, 40, 83, 76, 63, 41, 68, 87, 2, 24, 20, 79, 1, 9, 95, 81, 75, 6, 44, 73, 0, 14, 78, 86, 58]
Mejor Fitness Epoca: 80 : 0.0026069803827582848
Mejor recorrido encontrado: [3, 10, 32, 18, 62, 22, 56, 19, 16, 46, 23, 80, 50, 42, 93, 43, 64, 31, 65, 92, 69, 74, 66, 35, 4, 28, 97, 60, 84, 94, 51, 11, 33, 98, 13, 90, 77, 53, 52, 26, 59, 38, 55, 25, 71, 21, 27, 47, 12, 49, 8, 85, 70, 36, 30, 5, 54, 48, 29, 7, 88, 17, 57, 67, 72, 82, 34, 39, 45, 15, 89, 91, 37, 61, 96, 99, 40, 83, 76, 63, 41, 68, 87, 2, 24, 20, 79, 1, 9, 95, 81, 75, 6, 44, 73, 0, 14, 78, 86, 58]
Mejor Fitness Epoca: 91 : 0.0026751265147583357
Mejor recorrido encontrado: [3, 10, 32, 18, 62, 22, 56, 19, 16, 46, 23, 80, 50, 42, 93, 43, 64, 31, 65, 92, 69, 74, 66, 35, 4, 28, 97, 60, 84, 94, 51, 11, 33, 98, 13, 90, 72, 53, 52, 26, 59, 38, 55, 25, 71, 21, 27, 47, 12, 49, 8, 85, 70, 36, 30, 5, 54, 48, 29, 7, 88, 17, 57, 67, 77, 82, 34, 39, 45, 15, 89, 91, 37, 61, 96, 99, 40, 83, 76, 63, 41, 68, 87, 2, 24, 20, 79, 1, 9, 95, 81, 75, 6, 44, 73, 0, 14, 78, 86, 58]
Mejor Fitness Epoca: 101 : 0.002691425444500707
Mejor recorrido encontrado: [3, 10, 32, 18, 62, 22, 56, 19, 16, 46, 23, 80, 50, 70, 93, 43, 64, 31, 65, 92, 69, 74, 66, 35, 4, 28, 97, 60, 84, 94, 51, 11, 33, 98, 13, 90, 72, 53, 52, 26, 59, 38, 55, 25, 71, 21, 27, 47, 12, 49, 8, 85, 42, 36, 30, 5, 54, 48, 29, 7, 88, 17, 57, 67, 77, 82, 34, 39, 45, 15, 89, 91, 37, 61, 96, 99, 40, 83, 76, 63, 41, 68, 87, 2, 24, 20, 79, 1, 9, 95, 81, 75, 6, 44, 73, 0, 14, 78, 86, 58]
Mejor Fitness Epoca: 103 : 0.0027509625753009766
Mejor recorrido encontrado: [3, 10, 32, 18, 62, 22, 56, 19, 16, 46, 23, 80, 50, 70, 93, 43, 64, 31, 65, 92, 69, 74, 66, 35, 4, 28, 97, 60, 84, 94, 51, 11, 33, 98, 13, 90, 72, 53, 52, 26, 59, 38, 55, 25, 71, 21, 27, 47, 12, 49, 8, 85, 42, 75, 30, 5, 54, 48, 29, 7, 88, 17, 57, 67, 77, 82, 34, 39, 45, 15, 89, 91, 37, 61, 96, 99, 40, 83, 76, 63, 41, 68, 87, 2, 24, 20, 79, 1, 9, 95, 81, 36, 6, 44, 73, 0, 14, 78, 86, 58]
Mejor Fitness Epoca: 113 : 0.002764663210188885
Mejor recorrido encontrado: [51, 23, 92, 73, 34, 39, 68, 9, 30, 50, 88, 52, 89, 43, 55, 76, 98, 18, 80, 53, 46, 38, 13, 33, 85, 67, 64, 81, 35, 25, 86, 58, 42, 26, 45, 82, 49, 11, 96, 75, 40, 60, 66, 8, 93, 87, 62, 7, 71, 72, 19, 1, 3, 15, 99, 0, 27, 21, 10, 16, 36, 83, 24, 95, 47, 61, 78, 5, 32, 6, 57, 48, 84, 90, 54, 94, 31, 59, 56, 22, 28, 74, 17, 69, 2, 70, 20, 77, 65, 29, 63, 91, 4, 37, 41, 44, 79, 97, 12, 14]
Mejor Fitness Epoca: 180 : 0.0027725561542684724
Mejor recorrido encontrado: [61, 82, 99, 5, 41, 38, 47, 66, 97, 89, 28, 95, 49, 86, 76, 93, 0, 3, 27, 19, 79, 39, 17, 88, 56, 65, 2, 98, 57, 96, 10, 55, 26, 59, 40, 60, 51, 4, 46, 6, 35, 71, 77, 54, 48, 36, 45, 13, 84, 69, 31, 43, 58, 62, 8, 83, 75, 33, 37, 16, 21, 30, 90, 24, 85, 94, 74, 67, 34, 18, 23, 25, 73, 50, 22, 52, 11, 68, 87, 63, 12, 78, 44, 72, 42, 92, 53, 80, 1, 29, 70, 14, 7, 91, 9, 20, 81, 15, 32, 64]
Mejor Fitness Epoca: 184 : 0.0027822994394064633
Mejor recorrido encontrado: [61, 82, 99, 5, 41, 38, 47, 66, 97, 89, 28, 95, 49, 86, 76, 93, 0, 3, 64, 19, 79, 39, 17, 88, 56, 65, 2, 98, 57, 96, 10, 55, 26, 59, 40, 60, 51, 4, 46, 6, 35, 71, 77, 54, 48, 36, 45, 13, 84, 69, 31, 43, 58, 62, 8, 83, 75, 33, 37, 16, 21, 30, 90, 24, 85, 94, 74, 67, 34, 18, 23, 25, 73, 50, 22, 52, 11, 68, 87, 63, 12, 78, 44, 72, 42, 92, 53, 80, 1, 29, 70, 14, 7, 91, 9, 20, 81, 15, 32, 27]
Mejor Fitness Epoca: 198 : 0.002798279024338482
Mejor recorrido encontrado: [56, 88, 23, 70, 58, 53, 42, 85, 93, 65, 59, 81, 37, 86, 47, 54, 87, 49, 48, 55, 13, 62, 11, 68, 28, 24, 64, 41, 45, 36, 67, 22, 50, 84, 78, 39, 30, 99, 15, 89, 17, 80, 33, 73, 92, 98, 20, 1, 40, 83, 82, 32, 71, 77, 31, 10, 74, 44, 12, 61, 57, 76, 52, 66, 63, 38, 29, 90, 43, 19, 72, 3, 26, 0, 21, 97, 25, 18, 69, 95, 91, 2, 34, 75, 94, 27, 79, 14, 46, 60, 7, 96, 9, 4, 6, 16, 5, 51, 35, 8]
Mejor Fitness Epoca: 199 : 0.0028105387941475147
Mejor recorrido encontrado: [11, 57, 1, 80, 16, 47, 41, 56, 88, 71, 96, 9, 92, 70, 31, 8, 93, 91, 74, 46, 38, 59, 14, 3, 64, 55, 13, 45, 27, 58, 66, 6, 21, 19, 43, 95, 51, 15, 33, 32, 89, 25, 0, 65, 83, 75, 28, 24, 18, 87, 68, 82, 67, 48, 79, 78, 86, 40, 44, 29, 20, 72, 7, 36, 62, 94, 34, 39, 50, 85, 98, 12, 53, 81, 4, 97, 90, 2, 35, 17, 76, 26, 99, 52, 10, 60, 61, 37, 30, 77, 84, 5, 22, 63, 73, 23, 69, 49, 54, 42]
Mejor Fitness Epoca: 204 : 0.0028174632033179667
Mejor recorrido encontrado: [56, 88, 23, 70, 58, 53, 42, 85, 93, 65, 59, 81, 37, 86, 47, 54, 87, 49, 48, 55, 13, 62, 11, 68, 28, 24, 72, 41, 45, 36, 67, 22, 50, 84, 78, 39, 30, 99, 15, 89, 17, 80, 33, 73, 92, 98, 20, 1, 40, 83, 82, 32, 71, 77, 31, 10, 74, 44, 12, 61, 57, 76, 52, 66, 63, 38, 29, 90, 43, 19, 64, 3, 26, 0, 21, 97, 25, 18, 69, 95, 91, 2, 34, 75, 94, 27, 79, 14, 46, 60, 7, 96, 9, 4, 6, 16, 5, 51, 35, 8]
Mejor Fitness Epoca: 213 : 0.002831072212951118
Mejor recorrido encontrado: [56, 88, 23, 70, 58, 53, 42, 85, 93, 65, 59, 81, 37, 86, 47, 54, 87, 49, 48, 55, 13, 62, 11, 68, 28, 24, 72, 41, 45, 36, 67, 22, 50, 84, 78, 39, 44, 99, 15, 89, 17, 80, 33, 73, 92, 98, 20, 1, 40, 83, 82, 32, 71, 77, 31, 10, 74, 30, 12, 61, 57, 76, 52, 66, 63, 38, 29, 90, 43, 19, 64, 3, 26, 0, 21, 97, 25, 18, 69, 95, 91, 2, 34, 75, 94, 27, 79, 14, 46, 60, 7, 96, 9, 4, 6, 16, 5, 51, 35, 8]
Mejor Fitness Epoca: 224 : 0.0028461383406801787
Mejor recorrido encontrado: [56, 88, 23, 70, 58, 53, 42, 85, 93, 65, 59, 81, 37, 86, 47, 54, 87, 49, 48, 55, 13, 62, 11, 68, 28, 24, 72, 41, 45, 36, 67, 22, 50, 84, 6, 39, 44, 99, 15, 89, 17, 80, 33, 73, 92, 98, 20, 1, 40, 83, 82, 32, 71, 77, 31, 10, 74, 30, 12, 61, 57, 76, 52, 66, 63, 38, 29, 90, 43, 19, 64, 3, 26, 0, 21, 97, 25, 18, 69, 95, 91, 2, 34, 75, 94, 27, 79, 14, 46, 60, 7, 96, 9, 4, 78, 16, 5, 51, 35, 8]
Mejor Fitness Epoca: 236 : 0.002864485698337947
Mejor recorrido encontrado: [56, 88, 23, 70, 58, 53, 42, 85, 93, 65, 59, 81, 37, 86, 47, 54, 87, 49, 48, 55, 13, 62, 11, 68, 28, 24, 72, 41, 45, 36, 67, 38, 50, 84, 6, 39, 44, 99, 15, 89, 17, 80, 33, 73, 92, 98, 20, 1, 40, 83, 82, 32, 71, 77, 31, 10, 74, 30, 12, 61, 57, 76, 52, 66, 63, 22, 29, 90, 43, 19, 64, 3, 26, 0, 21, 97, 25, 18, 69, 95, 91, 2, 34, 75, 94, 27, 79, 14, 46, 60, 7, 96, 9, 4, 78, 16, 5, 51, 35, 8]
Mejor Fitness Epoca: 243 : 0.002921298749333902
Mejor recorrido encontrado: [56, 88, 23, 70, 58, 53, 42, 85, 93, 65, 59, 81, 37, 86, 47, 54, 87, 49, 48, 55, 13, 62, 11, 68, 28, 24, 72, 41, 45, 36, 67, 38, 50, 20, 6, 39, 44, 99, 15, 89, 17, 80, 33, 73, 92, 98, 84, 1, 40, 83, 82, 32, 71, 77, 31, 10, 74, 30, 12, 61, 57, 76, 52, 66, 63, 22, 29, 90, 43, 19, 64, 3, 26, 0, 21, 97, 25, 18, 69, 95, 91, 2, 34, 75, 94, 27, 79, 14, 46, 60, 7, 96, 9, 4, 78, 16, 5, 51, 35, 8]
Mejor Fitness Epoca: 249 : 0.002971345295247269
Mejor recorrido encontrado: [56, 88, 23, 70, 58, 53, 42, 85, 93, 65, 59, 81, 37, 86, 47, 54, 87, 49, 48, 55, 13, 62, 11, 68, 28, 24, 72, 41, 45, 36, 67, 38, 50, 20, 6, 39, 44, 99, 15, 89, 17, 80, 33, 73, 92, 98, 84, 1, 40, 83, 82, 32, 71, 77, 31, 10, 74, 30, 12, 61, 57, 79, 52, 66, 63, 22, 29, 90, 43, 19, 64, 3, 26, 0, 21, 97, 25, 18, 69, 95, 91, 2, 34, 75, 94, 27, 76, 14, 46, 60, 7, 96, 9, 4, 78, 16, 5, 51, 35, 8]
Mejor Fitness Epoca: 254 : 0.0029755032731463974
Mejor recorrido encontrado: [56, 88, 23, 70, 58, 53, 42, 85, 93, 65, 59, 81, 37, 86, 47, 54, 34, 49, 48, 55, 13, 62, 11, 68, 28, 24, 72, 41, 45, 36, 67, 38, 50, 20, 6, 39, 44, 99, 15, 89, 17, 80, 33, 73, 92, 98, 84, 1, 40, 83, 82, 32, 71, 77, 31, 10, 74, 30, 12, 61, 57, 79, 52, 66, 63, 22, 29, 90, 43, 19, 64, 3, 26, 0, 21, 97, 25, 18, 69, 95, 91, 2, 87, 75, 94, 27, 76, 14, 46, 60, 7, 96, 9, 4, 78, 16, 5, 51, 35, 8]
Mejor Fitness Epoca: 255 : 0.0029914476137744275
Mejor recorrido encontrado: [56, 88, 23, 70, 58, 53, 42, 85, 93, 65, 59, 81, 37, 86, 47, 32, 34, 49, 48, 55, 13, 62, 11, 68, 28, 24, 72, 41, 45, 36, 67, 38, 50, 20, 6, 39, 44, 99, 15, 89, 17, 80, 33, 73, 92, 98, 84, 1, 40, 83, 82, 54, 71, 77, 31, 10, 74, 30, 12, 61, 57, 79, 52, 66, 63, 22, 29, 90, 43, 19, 64, 3, 26, 0, 21, 97, 25, 18, 69, 95, 91, 2, 87, 75, 94, 27, 76, 14, 46, 60, 7, 96, 9, 4, 78, 16, 5, 51, 35, 8]
Mejor Fitness Epoca: 723 : 0.003011191905254225
Mejor recorrido encontrado: [65, 27, 21, 60, 17, 13, 20, 18, 47, 57, 43, 16, 56, 42, 14, 12, 89, 59, 77, 87, 88, 70, 23, 85, 86, 53, 58, 61, 79, 10, 46, 41, 38, 67, 49, 80, 83, 31, 6, 26, 74, 28, 0, 25, 36, 97, 48, 39, 91, 9, 99, 7, 40, 94, 84, 64, 78, 29, 73, 45, 76, 63, 19, 4, 90, 33, 32, 69, 5, 37, 24, 1, 93, 92, 2, 50, 3, 96, 52, 82, 30, 68, 98, 51, 35, 15, 62, 22, 55, 44, 11, 8, 34, 72, 81, 66, 95, 75, 71, 54]
Mejor Fitness Epoca: 733 : 0.00301145054342433
Mejor recorrido encontrado: [65, 27, 21, 60, 17, 13, 20, 18, 47, 57, 43, 16, 56, 42, 14, 12, 89, 59, 77, 87, 88, 70, 23, 85, 86, 53, 58, 61, 79, 10, 46, 41, 38, 67, 49, 80, 83, 31, 6, 26, 74, 28, 0, 25, 36, 97, 48, 39, 91, 9, 99, 7, 40, 94, 84, 64, 78, 29, 73, 45, 76, 63, 19, 4, 90, 33, 32, 98, 5, 37, 24, 1, 93, 92, 2, 50, 3, 96, 52, 82, 30, 68, 69, 51, 35, 15, 62, 22, 55, 44, 11, 8, 34, 72, 81, 66, 95, 75, 71, 54]
