Mejor Fitness Epoca: 4 : 0.004377558840357562
Mejor recorrido encontrado: [48, 23, 24, 49, 16, 29, 30, 8, 32, 3, 28, 34, 42, 17, 1, 43, 39, 45, 5, 9, 18, 41, 36, 46, 40, 12, 33, 44, 26, 4, 11, 2, 15, 38, 0, 14, 47, 10, 22, 6, 37, 27, 19, 25, 20, 13, 21, 7, 31, 35]
Mejor Fitness Epoca: 5 : 0.004387960828929507
Mejor recorrido encontrado: [35, 6, 26, 42, 16, 49, 29, 27, 41, 44, 24, 25, 37, 40, 36, 0, 1, 5, 7, 31, 45, 38, 19, 11, 23, 34, 21, 30, 47, 20, 18, 9, 22, 10, 17, 3, 33, 46, 39, 12, 2, 15, 32, 8, 4, 28, 48, 13, 14, 43]
Mejor Fitness Epoca: 6 : 0.004451688374154736
Mejor recorrido encontrado: [41, 0, 39, 36, 14, 3, 33, 24, 13, 37, 22, 40, 34, 27, 30, 6, 15, 47, 17, 31, 26, 42, 25, 5, 19, 1, 29, 48, 12, 2, 43, 28, 46, 23, 8, 7, 18, 9, 10, 32, 38, 16, 21, 49, 11, 4, 45, 35, 44, 20]
Mejor Fitness Epoca: 8 : 0.004482251825716208
Mejor recorrido encontrado: [10, 13, 47, 26, 21, 2, 15, 1, 34, 9, 29, 28, 8, 17, 19, 5, 44, 33, 18, 23, 4, 36, 35, 37, 40, 22, 16, 46, 3, 31, 7, 38, 42, 49, 20, 12, 11, 25, 43, 14, 24, 6, 0, 39, 41, 30, 32, 48, 27, 45]
Mejor Fitness Epoca: 9 : 0.004511528027648856
Mejor recorrido encontrado: [35, 6, 26, 42, 16, 49, 29, 37, 41, 44, 24, 25, 27, 40, 36, 0, 1, 5, 7, 31, 19, 38, 45, 11, 23, 34, 21, 30, 47, 20, 18, 9, 22, 10, 17, 3, 33, 46, 39, 12, 2, 15, 32, 8, 4, 28, 48, 13, 14, 43]
Mejor Fitness Epoca: 10 : 0.004654782995253804
Mejor recorrido encontrado: [10, 13, 47, 26, 21, 2, 15, 1, 34, 9, 29, 28, 8, 17, 19, 5, 44, 33, 24, 23, 4, 36, 35, 37, 40, 22, 16, 46, 3, 31, 7, 38, 42, 49, 20, 12, 11, 25, 43, 14, 18, 6, 0, 39, 41, 30, 32, 48, 27, 45]
Mejor Fitness Epoca: 11 : 0.004685871929861084
Mejor recorrido encontrado: [10, 13, 47, 26, 21, 2, 15, 1, 34, 9, 29, 28, 8, 17, 19, 5, 44, 33, 24, 23, 4, 36, 35, 37, 32, 22, 16, 46, 3, 31, 7, 38, 42, 49, 20, 12, 11, 25, 43, 14, 18, 6, 0, 39, 41, 30, 40, 48, 27, 45]
Mejor Fitness Epoca: 12 : 0.00477624076015723
Mejor recorrido encontrado: [7, 37, 1, 43, 15, 2, 39, 47, 29, 13, 34, 19, 14, 24, 49, 36, 23, 46, 42, 44, 32, 30, 6, 28, 25, 11, 21, 18, 4, 41, 40, 16, 8, 26, 12, 45, 5, 27, 38, 9, 33, 22, 10, 20, 31, 3, 17, 35, 0, 48]
Mejor Fitness Epoca: 15 : 0.004991517887933686
Mejor recorrido encontrado: [7, 37, 1, 43, 15, 2, 39, 47, 29, 13, 34, 19, 14, 24, 49, 36, 12, 46, 42, 44, 32, 30, 6, 28, 25, 11, 21, 18, 4, 41, 40, 16, 8, 26, 23, 45, 5, 27, 38, 9, 33, 22, 10, 20, 31, 3, 17, 35, 0, 48]
Mejor Fitness Epoca: 18 : 0.00503932867950217
Mejor recorrido encontrado: [19, 37, 1, 43, 15, 2, 39, 47, 29, 13, 34, 7, 14, 24, 49, 36, 12, 46, 42, 44, 32, 30, 6, 28, 25, 11, 21, 18, 4, 41, 40, 16, 8, 26, 23, 45, 5, 27, 38, 9, 33, 22, 10, 20, 31, 3, 17, 35, 0, 48]
Mejor Fitness Epoca: 20 : 0.0050469183414463435
Mejor recorrido encontrado: [19, 37, 7, 43, 15, 2, 39, 47, 29, 13, 34, 1, 14, 24, 49, 36, 12, 46, 42, 44, 32, 30, 6, 28, 25, 11, 21, 18, 4, 41, 40, 16, 8, 26, 23, 45, 5, 27, 38, 9, 33, 22, 10, 20, 31, 3, 17, 35, 0, 48]
Mejor Fitness Epoca: 21 : 0.005341466287243901
Mejor recorrido encontrado: [19, 37, 7, 43, 15, 2, 39, 47, 29, 13, 34, 1, 14, 24, 49, 20, 12, 46, 42, 44, 32, 30, 6, 28, 25, 11, 21, 18, 4, 41, 40, 16, 8, 26, 23, 45, 5, 27, 38, 9, 33, 22, 10, 36, 31, 3, 17, 35, 0, 48]
Mejor Fitness Epoca: 27 : 0.005346025578021273
Mejor recorrido encontrado: [48, 23, 24, 49, 16, 29, 30, 8, 32, 3, 28, 34, 42, 40, 1, 0, 39, 5, 45, 9, 18, 41, 36, 46, 17, 22, 33, 44, 26, 4, 11, 2, 15, 38, 43, 14, 47, 19, 12, 6, 37, 7, 10, 25, 20, 13, 21, 27, 31, 35]
Mejor Fitness Epoca: 29 : 0.005374426129375559
Mejor recorrido encontrado: [48, 23, 24, 49, 16, 29, 30, 8, 32, 3, 28, 34, 42, 40, 1, 0, 39, 5, 45, 21, 18, 41, 36, 46, 17, 22, 33, 44, 26, 4, 11, 2, 15, 38, 43, 14, 47, 19, 12, 6, 37, 7, 10, 25, 20, 13, 9, 27, 31, 35]
Mejor Fitness Epoca: 39 : 0.00541872965361191
Mejor recorrido encontrado: [35, 6, 39, 42, 43, 49, 29, 38, 22, 44, 24, 25, 27, 7, 36, 0, 1, 5, 40, 31, 19, 37, 45, 28, 23, 16, 21, 30, 47, 20, 18, 9, 41, 10, 17, 3, 33, 46, 26, 12, 2, 15, 32, 8, 4, 11, 48, 13, 14, 34]
Mejor Fitness Epoca: 44 : 0.00549434515767701
Mejor recorrido encontrado: [42, 35, 44, 7, 8, 32, 40, 6, 37, 11, 4, 36, 3, 1, 0, 31, 38, 20, 21, 28, 18, 24, 19, 17, 39, 25, 15, 9, 49, 29, 41, 16, 10, 27, 5, 22, 30, 48, 13, 47, 34, 23, 26, 45, 43, 14, 33, 46, 2, 12]
Mejor Fitness Epoca: 49 : 0.005518189728613857
Mejor recorrido encontrado: [34, 13, 7, 20, 6, 17, 46, 23, 29, 15, 38, 12, 3, 44, 41, 21, 32, 24, 33, 31, 2, 43, 14, 36, 35, 8, 49, 16, 10, 25, 22, 11, 39, 42, 9, 18, 19, 37, 26, 0, 40, 45, 28, 30, 48, 4, 1, 27, 47, 5]
Mejor Fitness Epoca: 52 : 0.0055199366282357625
Mejor recorrido encontrado: [4, 5, 22, 44, 29, 40, 48, 27, 30, 15, 24, 47, 21, 18, 13, 37, 49, 20, 42, 39, 0, 35, 25, 43, 9, 7, 34, 19, 1, 3, 28, 23, 33, 46, 36, 12, 11, 8, 31, 38, 32, 45, 14, 2, 6, 26, 16, 10, 17, 41]
Mejor Fitness Epoca: 55 : 0.005652558180210188
Mejor recorrido encontrado: [4, 5, 22, 44, 29, 40, 48, 27, 30, 15, 24, 47, 21, 18, 13, 37, 49, 20, 42, 39, 0, 35, 25, 43, 9, 7, 34, 19, 1, 3, 28, 23, 33, 46, 36, 12, 32, 8, 31, 38, 11, 45, 14, 2, 6, 26, 16, 10, 17, 41]
Mejor Fitness Epoca: 60 : 0.005960808683552029
Mejor recorrido encontrado: [42, 18, 44, 49, 8, 32, 40, 6, 37, 11, 4, 36, 3, 1, 0, 31, 38, 20, 21, 28, 35, 24, 19, 17, 39, 25, 15, 9, 7, 29, 41, 16, 10, 27, 5, 22, 30, 48, 13, 47, 34, 23, 26, 45, 43, 14, 33, 46, 2, 12]
Mejor Fitness Epoca: 70 : 0.006105069073360746
Mejor recorrido encontrado: [42, 18, 44, 49, 8, 32, 40, 6, 37, 11, 4, 36, 3, 1, 0, 31, 38, 20, 21, 28, 35, 24, 19, 17, 39, 25, 15, 9, 7, 29, 41, 16, 10, 27, 5, 22, 30, 48, 13, 47, 43, 23, 26, 45, 34, 14, 33, 46, 2, 12]
Mejor Fitness Epoca: 77 : 0.006185237920252732
Mejor recorrido encontrado: [25, 9, 27, 13, 47, 29, 39, 42, 49, 7, 43, 23, 28, 32, 6, 35, 22, 44, 10, 36, 48, 24, 3, 17, 34, 33, 2, 0, 41, 12, 46, 37, 19, 20, 38, 15, 26, 4, 11, 45, 40, 31, 16, 18, 14, 1, 5, 8, 21, 30]
Mejor Fitness Epoca: 78 : 0.006275966611528052
Mejor recorrido encontrado: [25, 9, 27, 13, 47, 29, 39, 42, 49, 7, 43, 23, 28, 32, 6, 35, 22, 44, 10, 36, 48, 24, 3, 17, 34, 33, 2, 0, 41, 12, 46, 37, 19, 20, 38, 15, 26, 4, 11, 16, 40, 31, 45, 18, 14, 1, 5, 8, 21, 30]
Mejor Fitness Epoca: 114 : 0.006377441144126758
Mejor recorrido encontrado: [34, 13, 31, 20, 36, 12, 46, 23, 29, 15, 38, 17, 3, 2, 41, 24, 32, 30, 33, 49, 44, 43, 14, 6, 35, 8, 7, 19, 10, 25, 22, 11, 39, 42, 9, 18, 16, 37, 26, 48, 40, 45, 28, 21, 0, 4, 1, 27, 47, 5]
Mejor Fitness Epoca: 142 : 0.006421628603064084
Mejor recorrido encontrado: [40, 31, 38, 7, 18, 8, 17, 28, 35, 4, 2, 24, 30, 33, 19, 5, 34, 13, 29, 9, 27, 49, 0, 37, 16, 10, 12, 36, 39, 41, 43, 25, 14, 46, 21, 15, 6, 26, 23, 42, 20, 47, 1, 32, 3, 45, 11, 44, 48, 22]
Mejor Fitness Epoca: 279 : 0.006433301273083592
Mejor recorrido encontrado: [23, 5, 22, 14, 2, 34, 43, 41, 45, 11, 0, 26, 8, 16, 18, 9, 7, 6, 36, 3, 12, 27, 46, 39, 42, 4, 30, 40, 13, 32, 28, 21, 20, 10, 49, 48, 25, 1, 47, 31, 29, 37, 19, 33, 17, 44, 35, 24, 15, 38]
Mejor Fitness Epoca: 439 : 0.006551952019928909
Mejor recorrido encontrado: [12, 20, 18, 5, 42, 39, 9, 7, 48, 24, 11, 30, 25, 1, 0, 47, 13, 29, 33, 16, 41, 10, 19, 3, 23, 26, 32, 44, 34, 17, 38, 37, 45, 21, 40, 22, 14, 2, 15, 49, 46, 27, 8, 35, 31, 43, 28, 4, 36, 6]
Mejor Fitness Epoca: 611 : 0.006661036049905375
Mejor recorrido encontrado: [48, 33, 16, 0, 1, 19, 24, 22, 6, 5, 42, 23, 29, 39, 20, 46, 40, 37, 32, 30, 9, 44, 10, 12, 36, 35, 3, 17, 31, 47, 13, 27, 34, 2, 49, 8, 15, 43, 41, 45, 26, 14, 18, 4, 25, 11, 28, 7, 38, 21]
Mejor Fitness Epoca: 613 : 0.00668541579058786
Mejor recorrido encontrado: [6, 33, 16, 0, 1, 19, 24, 22, 48, 5, 42, 23, 29, 39, 20, 46, 40, 37, 32, 30, 9, 44, 10, 12, 36, 35, 3, 17, 31, 47, 13, 27, 34, 2, 49, 8, 15, 43, 41, 45, 26, 14, 18, 4, 25, 11, 28, 7, 38, 21]
